pos_inicial,pos_final,secuencia,chromosome,sequence_length
65058434,65058508,"TGCCATCCTTCAGTTATCACAGTACTGTACCTTTAGAATAGACAGCATCAGCACTGTGAT
AACTGAGCCAGGGCA",chr1,74
207802443,207802523,"CTCCTAAAACACTGATTTCAAATGGTGCTAGATACAAAGATGGAAAAATCTAAGCCACCA
TGTGAAACCAGCTTCCAGAAG",chr1,80
109598893,109598967,"GGCTGTGCCGGGTAGAGAGGGCAGTGGGAGGTAAGAGCTCTTCACCCTTCACCACCTTCT
CCACCCAGCATGGCC",chr1,74
9151668,9151777,"GGGCCCCACAACGTGCAGCACTTCTAGGGCAGTATACTTGCTGATTGCTTCCTTACTATT
GCTCACAACAACCAGCTAAGACACTGCCAAAGAAACACTCACAGCTGGCC",chr1,109
198858873,198858982,"AAGCGGGGCCACAGTTGCATTCATTGTTCAGTGAGCTTGTCCACACAGTTCAACCCACCG
ACAGCAATGAATGTTGATTGTGACCTTTTAAAAAATAATCTCTGCACAGG",chr1,109
172144535,172144644,"TGCTCTCCCTTGCCCAGTCTAACCAATGTGCAGACTACTGTACAACGGCATTGTCCTGAA
CAGGTAGTCTGAACACTGGGGCGACGGAGCAGGATCTCCAGAAGCTTCCT",chr1,109
209432133,209432242,"AAAGATCCTCAGACAATCCATGTGCTTCTCTTGTCCTTCATTCCACCGGAGTCTGTCTCA
TACCCAACCAGATTTCAGTGGAGTGAAGTTCAGGAGGCATGGAGCTGACA",chr1,109
198859044,198859153,"TGGAGTAGATGATGGTTAGCCATAGGGTACAATCAACGGTCGATGGTTTTGATTTTAATT
CCAAACTCACCGACAGCGTTGAATGTTCACTGAAGCAACCTCAAAACTCA",chr1,109
172138798,172138907,"AGGCTGGGTTGTCATGTGACTGCCTGTCTGTGCCTGCTGTACAGGTGAGCGGATGTTCTG
CACAGCAAGTGTAGACAGGCAGACACATGACAACTCTGTCCAGCCAGGCC",chr1,109
220117853,220117962,"TTGAAGTAGCACAGTCATACAGAATATTGGCCTAAAGAAATGACAGACAAACTCAGCTAT
ATTGTCTGTCAATTCATAGGTCATTTTCCTGTATACCATTTCTGAATGAT",chr1,109
1167104,1167198,"CCAGCTCGGGCAGCCGTGGCCATCTTACTGGGCAGCATTGGATGGAGTCAGGTCTCTAAT
ACTGCCTGGTAATGATGACGGCGGAGCCCTGCACG",chr1,94
98046070,98046171,"TGCCGCTGGTACTCTCCTCGACTACGCGTATTCTTAAGCAATAACAACGTAATCCGTATT
ATCCACCCAAGAATACCCGTCACCGAAGAGAGTCAGAGGACC",chr1,101
156420341,156420429,"TGGGGTTATTTTTACTTTCGGTTATCTAGCTTTATGAAGACTCCACACCACTCATACAGC
TAGATAACCAAAGATAACAACCAACCCCG",chr1,88
71067631,71067716,"AGCTCAAACTTCCCAAAAAATTCACCTTTGGGCTTAAAATAAAACCAGAAAGCCCAAAAG
GAGAATTCTTTGGAAAGTTACAAGCA",chr1,85
220118157,220118241,"TTGGTAACCATCAAAAGTAACAGCATCTCCACTGGAAATTGGTACACAGTCCACATGGAG
TTGCTGTTACACTTGATAACACCAT",chr1,84
207801852,207801939,"TCCCCCTACATCATAACCGATTTCAAATGGTGCTAGACAAAAACAGACTCTGAACACCAG
GAGAAATCGGTCAGCCTGTGTAAGAGAT",chr1,87
40757284,40757372,"ACCATGCTGTAGTGTGTGTAAACATCCTACACTCTCAGCTGTGAGCTCAAGGTGGCTGGG
AGAGGGTTGTTTACTCCTTCTGCCATGGA
",chr1,88
1167863,1167952,"CCGGGCCCCTGTGAGCATCTTACCGGACAGTGCTGGATTTCCCAGCTTGACTCTAACACT
GTCTGGTAACGATGTTCAAAGGTGACCCGC
",chr1,89
40754355,40754446,"GGGCAGTCTTTGCTACTGTAAACATCCTTGACTGGAAGCTGTAAGGTGTTCAGAGGAGCT
TTCAGTCGGATGTTTACAGCGGCAGGCTGCCA",chr1,91
205448302,205448398,"GGAGCTCGCCCCTCACTGTAGCCCATGGCTTTTAGCCCTACATGAGTTTGGGACAGCAAT
CACATAGGAATGAAAAGCCATAGGCCACAGCAGAGTG",chr1,96
1169005,1169087,"CGCCGGCCGATGGGCGTCTTACCAGACATGGTTAGACCTGGCCCTCTGTCTAATACTGTC
TGGTAAAACCGTCCATCCGCTGC",chr1,82
177029363,177029445,"GAGAGTCATCTGACCAAGAAATAGCCTTTCAAACAATTTGGAAACTTGTTTGAGAGTGCC
ATTATCTGGGAGAGATGATTCTC",chr1,82
3560695,3560790,"TTTCCAGGGCAACCCTGGAAACCAAGAGTGGGTCGCCTAGAAACGGTCAGACTGGCCCCA
CCCACTCTGGATTTCCAGGGTCACCCGGCAGTCCCC",chr1,95
34669599,34669694,"TGTATATACCACAGTTTGTCTAACCAGTCACCTGTTGAAAGGCATCTTCAACCAACAGGC
AAAAGGTTAAACAAACTGTGGTATATTTGAATGGTT",chr1,95
100281241,100281308,"CTTCAATTTTATTTTAAAACGGTGAGATTTTGTTTTGTCTGAGAAAATCTCGCTGTTTTA
GACTGAGG",chr1,67
151545796,151545891,"ACCTGAGTAACCTTTGCTAGTCCTGACTCAGCCAGTACTGGTCTTAGACTGGTGATGGGT
CAGGGTTCATATTTTGGCATCTCTCTCTGGGCATCT",chr1,95
155195177,155195272,"CGGGCCCCGGGCGGGCGGGAGGGACGGGACGCGGTGCAGTGTTGTTTTTTCCCCCGCCAA
TATTGCACTCGTCCCGGCCTCCGGCCCCCCCGGCCC",chr1,95
155346350,155346445,"ATAGATCAGAGTTTTATCAGAGGTTCAGCTTACCCTGTCCACAGGCCTTGGGTCACACTG
CTCACAAAGGTAGTGCTCCACATCTGAGTTCACTCC",chr1,95
162342546,162342640,"GATAGTAATAAGAAAGATGAGCTCATTGTAATATGAGCTTCATTTATACATTTCATATTA
CCATTAGCTCATCTTTTTTATTACTACCTTCAACA",chr1,94
168375524,168375621,"AGAATGGGCAAATGAACAGTAAATTTGGAGGCCTGGGGCCCTCCCTGCTGCTGGAGAAGT
GTTTGCACGGGTGGGCCTTGTCTTTGAAAGGAGGTGGA",chr1,97
116671746,116671817,"ATAAATTAATCCCTCTCTTTCTAGTTCTTCCTAGAGTGAGGAAAAGCTGGGTTGAGAGGG
CAAACAAATTAA",chr1,71
224257040,224257110,"TTTTTCCTTTTGCCCTCTCAACCCAGCTTTTCCCAACTTTGGGAAATCTGGGAAGAGAAA
GCCTAAGAGAC",chr1,70
51836344,51836402,GGAGGAGCAGCAAAGTGAAACTCACCAGAACTGTGTCAGTTTCACCCTGCTGCTCCTCC,chr1,58
156936131,156936244,"TTCAGGCTCACGAGAACAGATCCTTCATCACCTTCCTTCTCCTCCAGAAACCCCAGTTTC
TCGTAGGGCTTGAAAAGGGCTGTCTACTGAACTCCACTTTCATCAGCGCCTAAA",chr1,113
154193665,154193743,"CTGCTGCTGTAAGAATATGTTTGACATTTAGTTGGTTCCTAATTAAACAACCCAATATCA
AACATATCACACAGAAGCA",chr1,78
93846832,93846911,"GGCGCGTCGCCCCCCTCAGTCCACCAGAGCCCGGATACCTCAGAAATTCGGCTCTGGGTC
TGTGGGGAGCGAAATGCAAC",chr1,79
166154743,166154798,CCAGTGATCCAGGCCCATGGACCTGAGTCTGAATCCTGGTTCTGTCCCTCACTAGT,chr1,55
117094643,117094728,"ATTAGGAGAGTATCTTCTCTGTTTTGGCCATGTGTGTACTCACAGCCCCTCACACATGGC
CGAAACAGAGAAGTTACTTTCCTAAT",chr1,85
231019828,231019924,"GGGCTTCCCAACAGTCACATCCCTCCCAAGACCCTCTAGATGGACTCCAGAATCCAGTCG
CTGCTGGAGAGGGAGGAGACAGGCAGTGACAAGTCCC",chr1,96
201808611,201808702,"GTCAGTGTCTGGGCGGACAGCTGCAGGAAAGGGAAGACCAAGGCTTGCTGTCTGTCCAGT
CTGCCACCCTACCCTGTCTGTTCTTGCCACAG",chr1,91
18897071,18897148,"TTGAGCATCCCTGATCCAAAAATCCAAAATCCGAAATGTTCCAAAATCTGAAACTTTTTG
AGTGTCAACGTGACGCTC",chr1,77
171101728,171101806,"GGAGGACATTTCACCCAGATCTGCGGCCTAATCACAGGCCACATTTCTGAATAGGCCACG
GATCTGGGCAAAATGTCCT",chr1,78
30366,30503,"GGATGCCCAGCTAGTTTGAATTTTAGATAAACAACGAATAATTTCGTAGCATAAATATGT
CCCAAGCTTAGTTTGGGACATACTTATGCTAAAAAACATTATTGGTTGTTTATCTGAGAT
TCAGAATTAAGCATTTTA",chr1,137
20988314,20988432,"TGAAACAGCCATCTATTGAAACAAGATGTCATGCATTGACTTCTCTTTAGCTAGGACTTT
CACAGCTAGTGAGAAGTCAATGCCTGGCATCAAAGCTTCAAAGCTTCAACAGGCTGACT",chr1,118
68183518,68183610,"ATATCACAATTCTTGTTGAAGGCCAAAAATTAGTTCCCAGAAGGATTCTTTGACTTTCAT
CCTTCTACAAATTCACCCATCACCATTGTAGAT",chr1,92
193136503,193136583,"ATTTGCTCATAGATGATATGCATAGTACTCCCAGAACTCATTAAGTTGGTAGTACTGTGC
ATATCATCTATGAGCGAATAG",chr1,80
167998660,167998726,"TCTTACGGATGAGCAAAGAAAGTGGTTTGCGCCTCAAGAAACCACTTTCTTTGCTCATCC
ATAAGGA",chr1,66
220200538,220200619,"TTTTTTCATTTTGTAGGCTGGGGATAAATGAATAGAATAATAGTTTCTATCCAATCATTT
TCCCTAGCCAGTTTCAATGTTC",chr1,81
235853000,235853060,"ACAACTGTAACTAGACGGTTTTCTGTGTGGACAGGACAGAAAACTGACTAATTACAGCTG
T",chr1,60
26554542,26554593,GCAGCAAGGAAGGCAGGGGTCCTAAGGTGTGTCCTCCTGCCCTCCTTGCTGT,chr1,51
98045242,98045351,"TTTGAGACTCGTCCTAAAGGCAGAGGCAGGGAAGACAGCGCTGAAGAGGCGTCCCAAAGA
GATTGGACGTCTGAACAGTCACTGCCTGCCCCAACCTCTTTCAGGAAGGT",chr1,109
23044305,23044372,"TCTGAATATGGGTTTACTAGTTGGTGGTGAATTCATGAGTCGCCAACTATTAGGCCTTTA
TGTCCAGA",chr1,67
62078786,62078859,"CTTTATTGAGTCCCTACTATGTTCCAGGCACTGGGTATCGTAGGTGCCTGGAACATAGTA
GGGACTCAATAAAG",chr1,73
62078789,62078856,"TATTGAGTCCCTACTATGTTCCAGGCACTGGGTATCGTAGGTGCCTGGAACATAGTAGGG
ACTCAATA",chr1,67
66628440,66628517,"CCCTAAAGGGCCAGACACTATACGAGTCATATAAGGGAAGGCATTATAGGACTCATATAG
TGCCAGGTGTTTTGTGGG",chr1,77
170151378,170151462,"ATTAACTATGGCTTTTAACTTTGATGGCAAAGACATAGATTGTTTAGCTACCCCTTTGCC
ATCAAAGTTAAAAGCCAGAGTTAAT",chr1,84
172138808,172138888,"GTCATGTGACTGCCTGTCTGTGCCTGCTGTACAGGTGAGCGGATGTTCTGCACAGCAAGT
GTAGACAGGCAGACACATGAC",chr1,80
180438314,180438390,"AAATGTTTCTGTCCTTTGCCTACTCTATTTAAGGTACAGGGTGTCTTAAATAGAATAGGC
AAAGGACATAACCATTT",chr1,76
212077613,212077685,"ACCAGCTCTGTTGGGACAAGAGGACGGTCTTCTTTTGGAAGGAAGACCATCATCTTGTCC
GAAGAGAGCTGGT",chr1,72
241132272,241132346,"ATGGATTTGATTGAATGATTCTCCCATTTCCACATGGAGAGTGGAGCCCAGAGAATTGTT
TAATCATGTATCCAT",chr1,74
248826377,248826443,"GCGGGCTTCGCGGGCGAAGGCAAAGTCGATTTCCAAAAGTGACTTTCCTCACTCCCGTGA
AGTCGGC",chr1,66
112461770,112461833,"CAGAAATGGATCATCAGACCTAATCAATGCCAGGAGACCTTCATCAGGTCAGATAAATGG
AACA",chr1,63
150551929,150552014,"GGCTTAGAAACAGTCCCTAGGTAGGATTTGGGGAGGAGCTAAGAAGCCCCTACAGGGCCC
AGAGGTGGGGACTGAGCCTTAGTTGG",chr1,85
154975693,154975783,"ACGCCCCCCGCCCCGCCACCGCCTTGGAGGCTGACCTCTTACTTTCGGTCGGTCTTCTTC
CCTGGGCTTGGTTTGGGGGCGGGGGAGTGTC",chr1,90
159899979,159900079,"TCCTGGGCCCTCCTGACCCCTAGACCCAACTGTGACCTCCCCTAGGCCCCCACTTTCCCC
ACTCAGAGCCCCCACCCAATTCAGGACACAAGGGGCCCATC",chr1,100
209623444,209623510,"GTTGGTGTGTGACAAGCTGGGGTGTGGGCTCCAGGAAGTGGGACTCCATGCCCCAAGTCA
CCTTGTT",chr1,66
22863159,22863226,"GCAGACCTGGACCCCCTGGACATGCCCTGCACAAGTAAGTCCTAGGGCCCCTCAAGGGCG
ATGGCTGG",chr1,67
3127975,3128035,"CACGTCCTCCAGCTTTTTTCCTTAGTGGCCAATTCCTGAGAAAAGGGCCAACGTGCTTCC
A",chr1,60
31758660,31758735,"GGGGCTGGGGGAGATGGTGGAGTAGCTCCAGGCAGACCTACTCACTGCAGAGGAGCCACC
CCACCCTCCTCCCAAG",chr1,75
37161563,37161634,"GAGCATCCTTCAGTGTTCAGAGATGGAGTCAGTATTGGTCTGGCCATTTTTAGGGCAAAG
AGGCAGCATCAT",chr1,71
6429834,6429896,"GATTGGGCGCTGGTGCTGACTCAGTGGCCAGATGGCCTGGACTGATGAGCTGCCAGCCCC
CCA",chr1,62
33332393,33332492,"CGAGCGTCCCACCTAGAGGACAGGTAACACGGAGGCCGTGAGGGTCAGGTGGGAGCGGCT
TCCTTGCTATCCATCCTCATCACAATTACACGTATAAAGT",chr1,99
228097263,228097341,"GTGAGGTGGGGGCCAGCAGGGAGTGGGCTGGGCTGGGCTGGGCCAAGGTACAAGGCCTCA
CCCTGCATCCCGCACCCAG",chr1,78
165907921,165907976,TATTTAAGAAAACACCATGGAGATGAAATGCCTTTGATTTTTTTTTTCTTTTTGTA,chr1,55
38089231,38089329,"TCTACAAGCAGATACAAGGATGCCCTTGTACACAACACACGTGCTGCTTGTATAGACATG
AGTGTTGTCTACGAGGGCATCCTTGTGTCTGTGTGTGTG",chr1,98
65057755,65057842,"ATATCACTGCAGACTAGTCCTTATTTGATAGAAATAAAATAATTTACATTTTATTTTCAT
GTAAATGTGACAGCAGCAGCAATAACAT",chr1,87
16858949,16859021,"GAATTCAGTTTGGGGGAGTTCCTTAGAGATGTTCTCATAGAAATCTCTACAGAAGCCCCA
TAACTTATCATCC",chr1,72
247201967,247202060,"ATCCCAGAAGAAAAGAGGAGACACATCCCCTGAACCCAGACACATTCACCTGAGAACCAG
CCATTTCTTCCTCTTCTTCCTTCTTCTCTGGGAT",chr1,93
25906362,25906454,"GCCGCCTCCTCCGAGCCCCGCACCCACCTGCTCAGTCCGAGCCGCCTGACCACACTCTGA
GCACCAACAGACCCGGGCGCGCACAAAAGCGCC",chr1,92
22266239,22266300,"TGGTTTTTGCTCTGAGTGACCGTGGTGGTTGTGGGAGTCACTGCAGGACTCAGCAGGAAT
TC",chr1,61
23929070,23929147,"GTCAGGTCCTGGACTCCCATAGTTTTCAGGCTGCTAAACAACAGAACGAGCACTGGACTT
GGAGCCAGAAGTCTTGGG",chr1,77
30739156,30739232,"GTCTCAGCTACAGACATCAGTGACTCTCGTCCCCTGTGCACAGAGAGACATGAACACACA
GATGTTCATACCAAGAG",chr1,76
51059837,51059905,"CTGGGTCTCCTTTCTGCTGAGAGTTGAACACTTGTTGGGACAACCTGTCTGTGGAAAGGA
GCTACCTAC",chr1,68
55225641,55225723,"AGTTCTTCTGCAGACAAAAGCATCAGGAAGTACCCACCATGTACCAGTGGGCCCTTCTTG
ATGCTCTTGATTGCAGAGGAGCC",chr1,82
85133794,85133873,"ATCATGTACTGCAGTTGCCTTTTTGTTCCCATGCTGTTTAAGCCTAGCATAGGCACCAAA
AAGCAACAACAGTATGTGAA",chr1,79
116560024,116560111,"CTACTAGGTTAGTGCAAAAGTAATTGCCGGTTTTTGCCATTAAAAAAAAATAGCAAAAAC
CACAATAACTTTTGCACCAACCTAATAC",chr1,87
178677749,178677834,"CTTACATCACACACAGAGTTAACTCAAAATGGACTAATTTTTCCACTAGTTAGTCCATTT
CAAGTTAACTCTGTGTGTGATGTAGT",chr1,85
25023503,25023586,"GTGCTTTACATGAATGGTCCCATTGAATCCCAACAGCTTTGCGAAGTGTTGTTGGGATTC
AGCAGGACCATTCGTGTAAAGTAA",chr1,83
192716328,192716390,"AGTTGGAAGATGGACGTACTTTGTCTGACTACAATATTCAAAAGGAGTCTACTCTTCATC
TTG",chr1,62
233624152,233624219,"GAAGCCTCTTGGGGCTTATTTAGACAATGGTTTCATCATTTCGTCTGAATAGAGTCTGAA
GAGTCTTT",chr1,67
237471119,237471191,"TTGGCAGGTGCCATGTTGCCTGCTCCTTACTGTACACGTGGCTGGCAAGGAGACGGGAAC
ATGGAGCCGCCAT",chr1,72
17277889,17277975,"GCCCATTTGCCTTGGCTTGGGGTGGCAGTCCTGTGGGAATGAGAGATGCCAAACTGGACC
TGCCAGCCCCGTTCCAGGGCACAGCAT",chr1,86
12191713,12191773,"GAGGGCAGCGTGGGTGTGGCGGAGGCAGGCGTGACCGTTTGCCGCCCTCTCGCTGCTCTA
G",chr1,60
162157107,162157182,"CTGGCTGGTTGTGGGATCTGGAGGCATCTGGGGTTGGAATGTGACCCCAGTCTCCTTTTC
CCTCATCATCTGCCAG",chr1,75
228462074,228462152,"ATCACTTAAATACATGTCAGATTGTATGCCTACAAAATCCCTCCAGACTGGCATACAATC
TGACATGTATTTAAGAGAT",chr1,78
234306467,234306539,"TATTTTAAGACCGAAGACTGTGCGCTAATCTCTTAGCACTGAAGATTAGTGCATAGTCTT
TGGTCTCAAAATA",chr1,72
243346176,243346255,"GCAAAGCAGCAATTGTTCTTTGGTCTTTCAGCCATGACCTGACCTTCTGTCTGTGAGACC
AAAGAACTACTTTGCTTGGC",chr1,79
22719517,22719598,"GCACCAGGGGTACCTCTCTACTGACTTGCAACATACATTTGTCTTGGTGTGTTGCAAGTC
GGTGGAGACGTACCCTTGGTGC",chr1,81
5862672,5862741,"GGCCTCTCCATGAGGACACATGGCATGGGCTGCCTGACCGGCCCCCACCATGTCTCCTCA
AGGAGAAACC",chr1,69
18883202,18883275,"GGGAAGGAGGCAGCGGTGAGATCAGGCCCATGGCATTGGGCTGCCCCGCCTGCTCGCCCA
CTGCCTCCTGCAGG",chr1,73
59733227,59733296,"AAATGTGCATCAAGCCAGAAGACACGAGACCTTTCCAAAGGGCTCATGTCTTCTGGCCTG
ATGCACATTT",chr1,69
196582413,196582481,"TGCAATGTCTAATTTGAGCACCTTTGGTATTTTTGATGAATACCGAAGGTGTTCAAATTA
GGCACTGCA",chr1,68
224398227,224398311,"CTGCAGGCAAAGGAGAATACAGATATTTAATCTGCCTCAACTCAAACAAATTTTAAAAAG
TATCTGTAAATATCCCTTTGCCTGA",chr1,84
235190034,235190116,"ATATCTACACAAGGCTAAAGAAAGAGAACAGCCAAGTGTACTGTGGATATATCTGTTCTC
TTCCTTTGGCCTTGTGTAGATAT",chr1,82
54054079,54054154,"AGGTGCACGCTCTAGCGGGGATTCCAATATTGGGCCAATTCCCCCAATGTTGGAATCCTC
GCTAGAGCGTGCACTT",chr1,75
64579847,64579923,"TTTTAACATCTGGCTATCTCACGAGACTGTATGTCCTAACAGTGCTTGTAGTCTCATGAG
ATAGCCAGATGTTAAAA",chr1,76
227941590,227941683,"GGGCCGACCTCAAGGGACAGGCGAGGCCCTGGGAGCACAGGGGAGATGGCACCACTGTGC
CCCAAGGGCCTCACCTGACCCTAGGGGTCAGCCC",chr1,93
148334479,148334554,"TACTTTCTCTTTCTTATGCTTGCGACTGTAGGACAACACTTAACATGCCAGCAAAGCTAC
AAACCCGTAGAAAGCT",chr1,75
161227186,161227261,"GACTAAGGGTGGGATGAGGGATTGAAGTGGAGCAGGAATGCGCTTTTCTCCACTGAATCC
TCTTTTCCTCAGGTGG",chr1,75
201719508,201719627,"AGTTGGCCAGGACCCCAAGCCCCCAGCACTTCATTCTTGCTGTCCTCTCCTGGTCTGGGA
GGATAGAAGAGAGGATAGGAAGAATGAAGTGCTGGGCGCTTAGGGGGATCCTGGCCAACT",chr1,119
37500935,37500994,GGAACTTCTAGGAGGCATGGAAACAGGTATGTATAGGGTCTCCATTTCTCCTGGAAGGCT,chr1,59
44545493,44545552,CAGGGAAATGGGAAGAACTAGATTTGAATCCAGACCTTTAGTTCTTCCCTTTGCCCAATT,chr1,59
32086949,32087007,TGAAGTACCAGCTACTCGAGAGGTCAGAGGATTGCTCCTGAATAGCTGGGACTACAGGT,chr1,58
171101739,171101798,CACCCAGATCTGCGGCCTAATCACAGGCCACATTTCTGAATAGGCCACGGATCTGGGCAA,chr1,59
9967381,9967458,"AGCATATTCTCAAGTAGTTTCATGATAAAGGGTGTATGAGAGATCAACCCTTTATCATGA
AACGCTTGAGGATACGCT",chr1,77
154104521,154104592,"CTGTGCACCTGGGGAGTACAGTGATTGTGGGACTTTGCATTCCACAATCACTGCACTCCC
CCAGGTGCACAG",chr1,71
63326925,63326984,GGCCGAGCCTGCGCCAGCAGCGTGACACTCAGCCACAAGCCACCGCCGGAGACTCGCAGG,chr1,59
148388282,148388363,"CCTGCGTAGAAAGGGAAGAGCTGTACGGCCTTCGCGCTAGTTTGTTTGTGTTAAGGCTGA
CGCTCCCTATTTCTCCTCAGTG",chr1,81
43838622,43838683,"TCCTAGACCTAGTATCAGTGGCCAAAGAAACTTTTTTGGAAGCTTGGACCAACTAGCTGG
CT",chr1,61
20633679,20633788,"AGCGTCCAGGCTGGGCCGCAGGACCGGGCGCGGAGCCTCGCAGGGTCGGGCTCGGGCTCC
CTAACCGTCTCCGCTTCTTCCGCCAGTCGGTGGCCGGGCTGGCGGCGCGG",chr1,109
22633258,22633366,"AGAAGAAGAAGGAGGAGGAGGAGGAGGAGACTGGAAGGGATGTTAGAGGCCATTTGGGGC
AGCCTTCCCACCTCCCACCCACTCCCTCATCTTGGTAGATGGAGAAAGT",chr1,108
51060018,51060103,"CCTGCCTGCAGAAAGGAGCTATCCACTCCAGGTGTCCTTTCTTCTGAGAGCTGGACACTT
GTTGGGATGACCTGCCTGCAGGTAGG",chr1,85
1296110,1296170,"CTAGCGGGAGACAGGGCGAGCAGGCATCAGTGCGAACCTGCAGACCCCAGCTCCCGCCCC
C",chr1,60
1312502,1312566,"CTGCGGAGGAGGTGGCAGGAGCCATCAATGTGAGGGCCGCTCCCAGCCGCCTGCCCCGAG
CACCC",chr1,64
8866502,8866590,"CTGGGGAGAGCAGAGCAGAGAAGCATGGCACTGGGTCCAGAGAGCCCCACAGGGCAGTAA
GCCCCTCTGGTCCTACCATCCCAATCTAG",chr1,88
12029158,12029222,"GAGGGTGGGCGAGGGCGGCTGAGCGGCTCCATCCCCCGGCCTGCTCATCCCCCTCGCCCT
CTCAG",chr1,64
12578957,12579023,"CTGAGGGCAGATGGGGTGTCAGGGTGGAGCAGCTGCAGCTCTGACAACCCCTCCACCTTT
CTTTCGG",chr1,66
24919345,24919416,"CTGGGGAGAGTGGGGAATAGAGGCAGGTGGTTGGCACCTGGAGCTTCCACAATACCCTGC
TCTCCCACCTGT",chr1,71
37480230,37480289,AGGCCTAGGGGGTGGCAGGCTGGCCATCAGTGTGGGCTAACCCTGTCCTCTCCCTCCCAG,chr1,59
43171652,43171712,"CTAGGAAATCCAGACACTGAGCTCACAAGAAGGGAACTCTGAGTTTGTCTTTCCCAAGCA
C",chr1,60
43364648,43364715,"CTGAGAGAAGAGTGAGGGAAGGGGATTCAGAACCTGGGCTTCTCCACCTCATTCTCCCCT
CAAGTTCT",chr1,67
43448539,43448611,"GCAGCCAGGGCAGAGGGCACAGGAATCTGAGGTGACTGGCACAGAAGACTCAGGCCTGTG
GCTCCTCCCTCAG",chr1,72
145850587,145850645,CTGTGGGTAGAGAGGAGCTGAGGCAGCCAGCAAACCACAGATGCCCTCACCCAGCTCAG,chr1,58
153962351,153962420,"CTGGGTAGGGGTGAAGCACAGAGGGGAATAAGCAAACAAACCCCCTCCAGGGCCGACCAC
CCCAACCCAA",chr1,69
155951273,155951336,"CTGGGAGTAGAATGCAGGCAGAAGGGTTTATCAGAACCCCTGTGCTCTTCTACCCCTCGC
CTTC",chr1,63
201863373,201863447,"GAATGTGGGAAAGAGAAAGAACAAGTAAAAGGAATTTTCATTTTCCAGCCCCTAATTGTT
CTGTCTTTCTCCCAG",chr1,74
202003124,202003236,"GAAAGAGTTTGGGATGGAGAGAGGAGAAACTTGAGGTCTCTGGGAGTTGCTTAAACCAGT
TGACCGTAACCTGGCCAGAGAATTCTGATAGTGTCTTCTCTCCTCCCAAACAG",chr1,112
225922080,225922142,"CTAGGGTGAGGGAGAGAGCCGAATGAGTGGCCAGGGCACGGCTCCCACCAGCACCCACCC
ATT",chr1,62
228397048,228397109,"CTAGAGGGGACAACCCAGGTGTTGTCGCCATGGCCAACAGCTGGGTCCCACCCCACTCCC
TC",chr1,61
1339650,1339708,CTGCAGGAACGGTGGTCACACAGCAAGGCCCCCATGGTCCCACCTCCCTGCCTGGCCCC,chr1,58
17369,17436,"CTACAGAGGCGACATGGGGGTCAGGCAAGCTGACACCCGCTGTCCTGAGCCCATGTTCCT
CTCCCACA",chr1,67
206474803,206474864,"CTTCCTGGTGGGTGGGGAGGAGAAGTGCCGTCCTCATGAGCCCCTCTCTGTCCCACCCAT
AG",chr1,61
150492345,150492410,"ATGAGAGGGAGAAAGCTAGAAGCTGAAGATTCTGAAAATCACTAACTGGCCTCTTCTTTC
TCCTAG",chr1,65
77060143,77060202,TTGTTCTCAAACTGGCTGTCAGAGTGTGCATGGCAGGCTGCAGCCACTTGGGGAACTGGT,chr1,59
12166943,12167038,"GCCCCGCCGCCTGGCCTCTGGCCCGCTGGGGCGCGGGCTTTCGCTTTCAGTCGAGGGCTA
GCGAGCGCAGCGGAGCCTGGAGAGAAGGCGCTGGGC",chr1,95
107897223,107897304,"TAAATGCCTTTGACTACTACATACATATGCCTACTACTACTTTCATATGTAGGCATATGT
ATGTAGTAGTCAAAGGCATTTA",chr1,81
86357632,86357687,TGTTTTAAGGACACTGAGGGATCCAGAACAAAGGATCCCTCAGTGTCCTTAAAACA,chr1,55
153689705,153689793,"AGATGAGGGTACAGAATGACAGACGCTGCACCCGGTGTGACGGTGTGGCCGGCCGCACAG
TTGCAGCCGTCAAGTCCTGCACCCCCTCG",chr1,88
187891,187958,"CTACAGAGGCGACATGGGGGTCAGGCAAGCTGACACCCGCTGTCCTGAGCCCATGTTCCT
CTCCCACA",chr1,67
175968370,175968479,"CCAAGTATTTAGAGTGGCAGTTTTAAAGGCTGTACGGAGGGGAACGATCAGACTTAGCCA
GCTGTCCTAAGCCAGACAGAGACCTCCATATATTTATGTAGGATCGCTGC",chr1,109
112882050,112882129,"TCAGTGCTCTTTCAGGTCTGGGGCTGAAACCTGTCTTGTTTCCCCATCAGAGGCAGTCCC
AGGCCCGAAAGAGGAGAGAT",chr1,79
179803924,179804025,"GCCTTTGGTTCTTCTTAGGCTTCCCCCTCCTCCTGCCCCCTGGCCTGCTTGCCTCCAGGC
CAGGCGGCAGGAGGAGGGGGAAGCCTAAGAAGAACCCAGAGC",chr1,101
61846075,61846176,"TTAACATCTTTTCCATCATAATTCTCATAGTAATAATAGTAATGTTAATATAATAATAAT
GTTATTATTACTGTGAGAATTATGATGGAAAAGAAGTTATTA",chr1,101
94543702,94543779,"GAAGTGTACTTTTTAATGGTGCCAAACAGCAGTTGATCTATAATAACTGCTGCTTGGCAC
CATTAAAAAGTACATATC",chr1,77
632615,632685,"GACAAAAAAGGAAGGAATCGAACCCCCCAAAGCTGGTTTCAAGCCAACCCCATGGCCTCC
ATGACTTTTTC",chr1,70
89592747,89592827,"TCTGTGCTTTGATAGCCCTGTACAATGCTGCTTGAACTCCATGCCACAAGGCAACACTGT
AAAGAAGCTGAAAGCAGAGAG",chr10,80
86264694,86264788,"CCGCTCTGCCCAGGCAGCTGCAGGCCCAGCCCCTGCCTCCTTCAGAGCAACAGAGAGGCA
GGCATGCGGGCAGACAGACGCCCAACACAGAGACC",chr10,94
17845107,17845193,"CAATAGACACCCATCGTGTCTTTTGCTCTGCAGTCAGTAAATATTTTTTTGTGAATGTGT
AGCAAAAGACAGAATGGTGGTCCATTG",chr10,86
102436512,102436584,"CCTGGCACTGAGAACTGAATTCCATAGGCTGTGAGCTCTAGCAATGCCCTGTGGACTCAG
TTCTGGTGCCCGG",chr10,72
133247511,133247620,"NNNNNNNNNNNNNNNNNNNNNNNNNNNNNNNNNNNNNNNNNNNNNNNNNNNNNNNNNNNN
NNNNNNNNNNNNNNNNNNNNNNNNNNNNNNNNNNNNNNNNNNNNNNNNNN",chr10,109
24275685,24275781,"GATTGATGCTGTTGGTTTGGTGCAAAAGTAATTGCAGTGCTTCCCATTTAAAAGTAATGG
CACACACTGCAATTACTTTTGCTCCAACTTAATACTT",chr10,96
29545004,29545097,"TCTCCATGATGCACTGTCCTGAATTCCGCAGCCTGTGTCAGAAAACCTGCCTGCTAGTGG
ACACGAGAGCGTGGAAGGTCAAGCACGATGCTCT",chr10,93
51299573,51299655,"GCCCTAGCTTGGTTCTAAATCCCATGGTGCCTTCTCCTTGGGAAAAACAGAGAAGGCACT
ATGAGATTTAGAATCAAGTTAGG",chr10,82
75552458,75552553,"TGTATCCTTGGTTTTTAGTAGTTTTACTATGATGAGGTGTGCCATCCACCCCATCATAGT
AAACTACTGAAAATCAAAGATACAAGTGCCTGACCA",chr10,95
96828669,96828764,"CCCAAAGTCACACAAGTTATAGATCTGGATTTGAACCCAGGCAGTCTGGCTCCCTGGGTT
CCAATCCAGATCTATAACCTGTGTGACTTTAGGCAA",chr10,95
100974985,100975084,"GGGCCAAGGTGGGCCAGGGGTGGTGTTGGGACAGCTCCGTTTAAAAAGGCATCTCCAAGA
GCTTCCATCAAAGGCTGCCTCTTGGTGCAGCACAGGTAGA",chr10,99
104218789,104218883,"GGTTCCTCTGCTGTTCCTAGGGTGTTGCCCTCATCTCTACTATTTAACCCATTATAGACC
AGAGATGAGAGAAACACCCTAGGAACAGCCGAGCA",chr10,94
63372957,63373048,"ACAGCCCACCTGGGTTAGGGTCGAAGCCCCACTCCCCACAGAAGGTTTTCCTAAAGGAGA
TGGAGCCAGGGCCCTAACCCAGTTAGGTAGGT",chr10,91
104048089,104048186,"TCTGGGCCAGCAGGACCTGGTAAAGTAGAAGCAAGGTCTCTCAGTTGCTCCTGGAGTGAT
TTCTGCGATTCCTCCCTCTACTGTCCCAGTGGCCTTGA",chr10,97
29602264,29602346,"GAAGGCATACCAAGTTCTTAAAGGTGTACCACGGTTCATGAAGGTGCACTGGGTTCACCT
TTAAGGGCACATGGTACACCTTC",chr10,82
110988926,110989013,"TTATTAGGTTGGTACAAAAGCAATCGCGGTTTTTGCTATTACTTTTAAAGGCAAAAACTG
AGACTACTTTTGCACCAACCTGATAGAA",chr10,87
98395218,98395307,"TTGTCATGGCTCCAATCACTGCATCTGTGGCTAGAGTGGCTTTTAAAGGCTCAGACTCGA
ACCACTGATCCAGCACCTGGACAGCACAAC",chr10,89
54607874,54607957,"CTATTAGGTTGGTCCAAAAGTAATTACAGTTTTTGTCTTTGAAAGTAATGTCAAAAACTG
TGATTACTTTTGCACCAACCTAAT",chr10,83
14436576,14436661,"ATGGTTTGGGACTCAGGATGTGGTCAAGTGTTGTTAAGGCATGTTCAGGAACAATACTTG
ACCACATTTTGAATTCCAAACCATAT",chr10,85
103394253,103394401,"GTCACCAGAACAAGAGCTGAAAATTCGTATGCATGACCGCCTATCTACCACGACCGACGC
CACGCCGAGTCGATTGGCAACACAGACGAGCCGGTCGAGGTCCGGTCGAGATTGGTAGGC
AGTGACAGTGACTCAGCTGGGTCTTGATG",chr10,148
21496562,21496641,"TCGCTAGGGCCGCCCCCGCCGCGTCGCCCTGGGGCCCACGGGTGCACGGCCCGGGCAGCA
AGGCAAGGTGCGGCCTCTCA",chr10,79
114174105,114174179,"CAAGAGTGGGAGGAAAAGACCGCGGTGAGAAACACAGCCGACGCCTCACTCAGCGGCCGT
TTCCCCAAACCCCTG",chr10,74
12725254,12725353,"AGGTTGGTGAAAAAGTAATCATGCTTTTTGCCATTACTTTTAATGGTAAAAATGAAAAGT
AATGGCAAAAACCGCCATTACTTTTGCACCAGCCTAATAT",chr10,99
6152196,6152277,"TCCGGGCATCACCTCCCACTGCAGAGCCTGGGGAGCCGGACAGCTCCCTTCCCAGGCTCT
GCAGTGGGAACTGATGCCTGGA",chr10,81
45164014,45164088,"GCAGAAGAAAGATCTGGAAGTGGGAGACACTTTTACTATATATAGTGGCTCCCACTTCCA
GATCTTTCTCTCTGT",chr10,74
96064315,96064399,"GGGAAAAGCTTCAGCTAGACTAGGGCAGTCATCACCCCAGTGTTGGCACAAAGCAGACTG
CACTAGCCTGGCTGAAGCCCTTCCC",chr10,84
101601417,101601497,"ATTCAGGCCGGTCCTGCAGAGAGGAAGCCCTTCTGCTTACAGGTATTGGAAGGGCTTCCT
CTCTGCAGGACCGGCCTGAAT",chr10,80
112634170,112634254,"CTTTGTGGAACAGTGCAATGTTTTCCTTGCCTGTGGCAAGACCACTTCGGTTCAAGGCTA
AGAAACTAGACTGTTCCTACAGAGA",chr10,84
125032783,125032870,"AAAACGACAGAGACATGGACACAGTCCCCAGAAGCCCCTCCCCACAACCACTTCAGCCCT
CTGAGCCTGAGCCCACATCAAAGCCCAA",chr10,87
129843299,129843374,"NNNNNNNNNNNNNNNNNNNNNNNNNNNNNNNNNNNNNNNNNNNNNNNNNNNNNNNNNNNN
NNNNNNNNNNNNNNNNNNNNNNNNNNNNNNNNNNNNNNNNNNNNNNNNNN",chr10,75
130962588,130962668,"NNNNNNNNNNNNNNNNNNNNNNNNNNNNNNNNNNNNNNNNNNNNNNNNNNNNNNNNNNNN
NNNNNNNNNNNNNNNNNNNNNNNNNNNNNNNNNNNNNNNNNNNNNNNNNN",chr10,80
14383200,14383277,"TTCAGTCAGGCTGTTCCTGTCAGGCTGGTGTGAAATGAATTAGCAATGTCACCAGCTTCC
CAAGGAACAGGTGTCTCT",chr10,77
48985512,48985587,"GCACCGAAACCTGGGAGACACATGCACCCTTGGGCCCTCACAGACATGGCCCTGCTGTAG
ACTCCCGAGGCATCGG",chr10,75
35079598,35079680,"AGCAAAACTAGTAAGAATTTCTTTCTTCACAATTTCTTTTCTTTCATAATTGTGAAGAAA
AAGAAATTCTTATTAGACCTGCT",chr10,82
117167678,117167774,"GAGCCCCCTTGGTCCCGGCGCCCGGCCTGTGTGGTGCTCAGATCAGACTTATCCACCCGA
GCACCACGCAGACCAGCGCCTGGACCAAGGTCCCGGG",chr10,96
57304479,57304559,"TAAACAAAAAAGTAGCAGTCACATATACATATCTGTATATATGACATAGATCTGCATATT
TGACTACTACTTTTTCATTTA",chr10,80
122416965,122417067,"GAGTCAGAATTCTCATCAGGCTGTGATGCTCAGTTGTGTGTAGATTGAAAGCCCTAATTT
TACACACAACTGAGGATCATAGCCTGATGGTTCCTTTTTGTTT",chr10,102
133371556,133371663,"NNNNNNNNNNNNNNNNNNNNNNNNNNNNNNNNNNNNNNNNNNNNNNNNNNNNNNNNNNNN
NNNNNNNNNNNNNNNNNNNNNNNNNNNNNNNNNNNNNNNNNNNNNNNNNN",chr10,107
6152207,6152262,CCTCCCACTGCAGAGCCTGGGGAGCCGGACAGCTCCCTTCCCAGGCTCTGCAGTGG,chr10,55
12130760,12130816,CTGCAAAAGTAATTGCGGTTTTCAATTACTTCTCAAAAACCGCAGTTACTTTTGCAC,chr10,56
12578753,12578823,"GCAGAGGTGAGTTGACCTCCACAGGGCCACCCAGGGAGTAAGTAGCCAAGTGGAAGTTAC
TTTACCTCTGT",chr10,70
12653138,12653197,GAGCGTGCTCATGTGCTAGCTTAGGTCTCCCTTCCTCTTAAAAAACCACCAGCCCACTCC,chr10,59
104268336,104268405,"GGTAAGAGCCCCACTGAGAAATAGAAATGCCATCTTCCACACATTTCCATAGCCCACTGG
GTTGCTCACT",chr10,69
113777993,113778054,"AGAAAAACAACAACAGACCACCCCTAATATTATATGGGTATGCACTAAGTATGTTGTTTT
TT",chr10,61
20551970,20552046,"CATGAGAAATCCTGCTGGTCAACCATAGCCCTGGTCAGACTCTCCGGGGCTGTGATTGAC
CAGCAGGACTTCTCATG",chr10,76
72721029,72721100,"TGAATGAAAGAGCCAGTGGTGAGACAGTGAGTTGATTACTTCTCACTGTTTCACCACTGG
CTCTTTGGTTCA",chr10,71
87503881,87503954,"GGAAAAAACAAGGTATTGTTCAGACTTATGATTTTTGGGGTCAAAGATTCTGAGCAATAA
CCTATTAAAAAACC",chr10,73
89063336,89063410,"GTCTTTTTTCTGTGATAGAGATTCTTTGCTTTGTTAGAAACAAAAAGCAAAGAATCTCTA
TCACAGAAAAAAGAT",chr10,74
89063335,89063411,"CGTCTTTTTTCTGTGATAGAGATTCTTTGCTTTGTTAGAAACAAAAAGCAAAGAATCTCT
ATCACAGAAAAAAGATA",chr10,76
110898090,110898155,"TATAAGAACTCTTGCAGTCTTAGATGTTATAAAAATATATATCTGAATTGTAAGAGTTGT
TAGCAC",chr10,65
119377972,119378043,"GGCAACGGGAATGCAGGCTGTATCTGCAGGGCATTGTGCTAACAGGTGCAGGCTGCAGAC
CTGTCACAGGCC",chr10,71
119958513,119958592,"TGCCCCTGGTCTGAGTTCCTGGAGCCTGGTCTGTCACTGGGGAAGTCCAGAGCTCCAAGG
CTCAGTGCCCAGGGGACGCA",chr10,79
35641172,35641252,"GAACTTGAGATCGGGCGAGCACTGGATCTCCACCAGCGGCCAGAACTGGTGCACCTCCAG
GCCCGCCTCGTCTTGCGTGTC",chr10,80
98431292,98431360,"CTAGCCAGGGCAGGAAGGGAGAGGAAGCCATATCACCAACAACCTTGCCCCACTCCAAGC
CCTGGGCTA",chr10,68
42997563,42997681,"CCATGAGGAGCTGGCAGTGGGATGGCCTGGGGGTAGGAGCGTGGCTTCTGGAGCTAGACC
ACATGGGTTCAGATCCCAGCGGTGCCTCTAACTGGCCACAGGACCTTGGGCAGTCAGCT",chr10,118
641689,641778,"CTACATCCCTGCTCCAACAAGGAAAGACAGGAGGCCAGGCGTGTGTGTGGCTCACACCTC
TTGTCCTTCCTTGTTGGGGCAGGGGTACAG",chr10,89
2076019,2076089,"TCCAGGCAGCAGCTAAGGTGCAGTGTGATGAGGAGCAGTAGCAAAGCCCATCCCTGCACC
AGCCCCCACCC",chr10,70
3991160,3991259,"GCAGAGGAGAAAGAGCCACCGCCTGAGCTAGCTGTGGACAGAGGCAAAACTCTAACTTCA
GCTGGTTTTGAGTGAGAAGTGGGTCTCTGTTAAAATGCTA",chr10,99
98924499,98924568,"GGAGGGAAAAATAGGAAGGACTTTGCATGGTACTGAACCACAATACAAAGTCCCTCCTAT
TCTTCCCTCC",chr10,69
112299612,112299690,"TGGGCTGCGTCCACAGGCACAGCCGGTTTGAGCATTTTTACTGAATTGCCAAACCAGTCG
TGCCTGTGGGCACAACCTT",chr10,78
112299612,112299688,"TGGGCTGCGTCCACAGGCACAGCCGGTTTGAGCATTTTTACTGAATTGCCAAACCAGTCG
TGCCTGTGGGCACAACC",chr10,76
67403351,67403410,TGAGCCCATTCCAGCCTGTAGGCTTTGCAGAATCCAAGCCAATACAGGCAGAGATGGATC,chr10,59
71790747,71790800,TTTCCTGTCCTCCAACCAGACCATGCCACATCCGTCTGGTCCTGGACAGGAGGC,chr10,53
30368597,30368665,"GCTGCTGTTCCACCTCAGAGGGCCCTGCTGGGGGCTCCAGGGGCAGGGGTTCAGCTGAGA
AAGGAAGCA",chr10,68
28289258,28289350,"GCCACTGTACTCCAGCCTGGGCAACAGAGCCAGACTCCATCTCAAAAAAAAAAAAAAGCT
AACCATATCAGTCCAGACTAGCAGACTAGTGGA",chr10,92
97875813,97875897,"CCAGACCCTGGGAGGGGGCCATAGCAGCCAGAGTGACACATAATCAAACTCCTGGCCCTC
AGAATGGCACCTTCCCAGAGTAGGG",chr10,84
116827488,116827568,"CTGCTGGTACAGACACCGCCAGTGCTGGTGCCACCACCACCACGTGAGTGTCACCAACAC
TGCCAGCGCCAGGCTCACCGC",chr10,80
122146522,122146593,"AGGAAAGCTAGGAGGCTGTACAGTTATCTCCCTTGATGTAATTCTAAACTATACAACCTA
CTACCTCAACCT",chr11,71
122152229,122152308,"CCTAACAGACACATACCTATAGATACAAGCTTGTGCGGACTAATACCACAAGTTCGGATC
TACGGGTTTGTGGCAACAGG",chr11,79
64891137,64891246,"GCTGGCATTGAGGCGAACATACCTGTGACCTATGGAATTGGCAGCCAGAGGGGAGACGAG
AGCACTGGCTGTCAATTCATAGGTCAGAGCCCTGTGCACTCGGTCTCGGC",chr11,109
72615063,72615130,"GTTACTCCAACAGGGCCGCGTCTCCAGCCTCCGAGCCACACTGGAGACACGTGCACTGTA
GAATACAC",chr11,67
122099757,122099844,"AGCACGACTCGCAGCTCCCAAGAGCCTAACCCGTGGATTTAAACGGTAAACATCACAAGT
TAGGGTCTCAGGGACTGAGAGGAGCGCA",chr11,87
57641198,57641286,"TGCTGCTGGCCAGAGCTCTTTTCACATTGTGCTACTGTCTGCACCTGTCACTAGCAGTGC
AATGTTAAAAGGGCATTGGCCGTGTAGTG",chr11,88
43581394,43581483,"TGCCCTTCGCGAATCTTTTTGCGGTCTGGGCTTGCTGTACATAACTCAATAGCCGGAAGC
CCTTACCCCAAAAAGCATTTGCGGAGGGCG",chr11,89
64891355,64891439,"CTGGCCCTCGCCCCAGATAACAGCAGCCCCACTGGAACCAGTGGGCACTTCCACATGGAG
TTGCTGTTACAGGGGGCGGGAACCA",chr11,84
111512938,111513021,"GTGCTCGGTTTGTAGGCAGTGTCATTAGCTGATTGTACTGTGGTGGTTACAATCACTAAC
TCCACTGCCATCAAAACAAGGCAC",chr11,83
111513439,111513515,"AGTCTAGTTACTAGGCAGTGTAGTTAGCTGATTGCTAATAGTACCAATCACTAACCACAC
GGCCAGGTAAAAAGATT",chr11,76
75335092,75335186,"TGAATCCGCCTCGGGGCTGGAGGAAGGGCCCAGAGGCGATCTGAGCACCACCCGCCTTCA
CAAAGGCCCTGCCTCCAGCCCAACAGACAGATGAG",chr11,94
2134134,2134209,"GAGAGGAGAAGACGGGAGGAGAGGAGTGAGGAGGCGTGATGGAACCACTCCCTTCTTTCC
TCCCGTCTTCCCCCTC",chr11,75
28056815,28056910,"TCTATTTGTCTTAGGTGAGCTAAATGTGTGCTGGGACACATTTGAGCCAAATGTCCCAGC
ACACATTTAGCTCACATAAGAAAAATGGACTCTAGT",chr11,95
61792495,61792561,"TGTGGGTCAGACCCCGAGGGGTCCTCGCATCTCCGTCTGGAACTCCCCTCAACGCTCTCA
CCATTTT",chr11,66
65444458,65444557,"TCCCATCTGGACCCTGCTGGGCAGGGCTTCTGAGCTCCTTAGCACTAGCAGGAGGGGCTC
CAGGGGCCCTCCCTCCATGGCAGCCAGGACAGGACTCTCA",chr11,99
43559656,43559753,"GTTTAGGGGTGGACCTGATGTCCCTGAGTGTATGTGGTGAACCTGAATTTGCCTTGGGTT
TCCTCATATTCATTCAGGAGTGTCAGTTGCCCCTTCAC",chr11,97
1996759,1996831,"CCCAGGGGCTGAGCGGTGAGGGCATACAGCGTCACCAAGTCCACTGTGGGCCCTCTCCGC
ACCAGACCCTGGG",chr11,72
79402022,79402109,"TCCCTGCCCTCTAGAAGCTCACAGTCTAGTTGTGTTCATGTGCAAGTCATTTACCCCCAG
CTAGATTGTAAGCTCCTTGAGGGCAGTT",chr11,87
64368602,64368703,"GTGGGAGGGCCCAGGCGCGGGCAGGGGTGGGGGTGGCAGAGCGCTGTCCCGGGGGCGGGG
CCGAAGCGCGGCGACCGTAACTCCTTCTGCTCCGTCCCCCAG",chr11,101
70283955,70284070,"CTTTTCTCAAGTATTGCTGTTAGGTTGGTGCAAAAGTACTTGCGGATTTTGCTTTACTTT
TAATGGCAAAAACCGCAATTATTTTTGCTTCAACCTAATATGATGCAAAATTGGCT",chr11,115
94466495,94466580,"AGCATTTGGTTGGTGCACAAGTAACTGCAGTTTTTGCCATTACTTTCTACGACAAAACCC
GCAAATACTTTTGCACCAACCTAATA",chr11,85
93733674,93733764,"TGAATCACTTGAGCCCAGGGGTTCGAGGCTACAGTGAGATGTGGCAGGATCACATCTCAC
TGTAGCCTCAAACCGCTGGGCTCAAGTGTTT",chr11,90
90869121,90869202,"GCTGCTATGGAGAAAGTTTCAGTCATCTGGATAGAACAGATCAACCACAATATCCCCATA
AGCCAAAGCCTTATCCATAGCA",chr11,81
7234766,7234837,"TTGGGTAAGTGCTTCCATGCTTCAGTTTCCTTACTGGTAAGATGGATGTAGTAATAGCAC
CTACCTTATAGA",chr11,71
61815161,61815240,"GGGGCGGGGGCCGGGGCGGAGCCGGCGGCCGGTGGCACCACACATACGGACCAATCGCCG
TCCCCGCCGCGGCATTCCCG",chr11,79
18387787,18387860,"CCAAAGTCCTAGGATTACAAGTGTCGGCCACGGGCTGGGCACAGTGGCTCACGCCTGTAA
TCCCAGCATTTTGG",chr11,73
46451805,46451889,"GAACCTGCCCTGGGCTTTCTAGTCTCAGCTCTCCTGACCAGCTGAGCTGGAGGAGAGCTG
AGACTAGAAAGCCCAGGGCAGGTCC",chr11,84
46451807,46451887,"ACCTGCCCTGGGCTTTCTAGTCTCAGCTCTCCTGACCAGCTGAGCTGGAGGAGAGCTGAG
ACTAGAAAGCCCAGGGCAGGT",chr11,80
48096782,48096858,"CCTCGAGAGCTGATAAGAACAGAGGCCCAGATTGAAGTTGAATAGTGCTGGGCCTTTGTT
TTTACCAAGTTCCCTGG",chr11,76
59595077,59595158,"CTGACTTTTTTGGGGAGTGGAGGGGTAGGGAGTGAGAAACATTGTTCATGCTCCCCACCC
TTCTACTCCCTAAAAAAGTCAG",chr11,81
66934434,66934506,"TTCCTCATCTATAAAATGGGGGTAGTAAGACAAGGAAGGAAGGTCTTACTGCCCTCATTT
TATAGATGAGGAA",chr11,72
69083176,69083258,"CTTGGAAACTGTGACTTTAAGGGAAATGGCGCACAGCAGACCCTGCAATCATGCCGTTTT
GCTTGAAGTCGCAGTTTCCCAGG",chr11,82
72072228,72072302,"CCAGTGGTAAGGTGGATACAATGTGACCTCAGAGGACCAAGAGTTGAGGTCACATTGCAT
CCACCTTGCCACCGG",chr11,74
88176502,88176593,"AAATTTTTTTGAGGCCAGTAGGCATTGTCTGCGTTAGGATTTCTGTATCATCCTCCTAAC
GCAGACAATGCCTACTGGCCTAAGAAAAATTT",chr11,91
96341438,96341526,"TCTCCGTTTATCCCACCACTGCCACCATTATTGCTACTGTTCAGCAGGTGCTGCTGGTGG
TGATGGTGATAGTCTGGTGGGGGCGGTGG",chr11,88
113450023,113450088,"CAGAGCTGCACCTGCCACCCTCCACGAATGCAATGTTCACAAGTGAAGTAGTGGGAGGTG
GCTGGT",chr11,65
11656651,11656722,"TCCTTTTTCTGCCTCTCATGTCACCAGCTCTCTCTAAAGGAGAAAACACTGTAACATGAT
TGGTCAGAACCC",chr11,71
1859464,1859536,"GTGGAACCTACACTTTTGACAGTTTGGTTTCTGAGGCAAGGCTGCCTCCTCCTCCTGTCC
CAGGTACCTCCCC",chr11,72
81890741,81890836,"TATTGGTTCAGAAGTAGTCCAGCTCCCACTGCTTTGAAAAAAGGTTTTTGATCACCTCAT
GTCTCTGCTGATTTAGCTGGCCCTCTTCTAAACTCA",chr11,95
70872270,70872368,"ATCCACATTGAAGGTAGGGAACTCTGTCTTTACTCCTGAGAGCTCGTGTTGGAAGGTACT
CATGAGTGAAGACAGAGTTCCCTACCTTCAAGTTTACAG",chr11,98
101519820,101519905,"ACTGAGTGAGGGGGTCAGAGAGTTAAGATAATCAGTACAATCTCACCTGTACTAATTCTC
TTAACTCTCTGACTCCCTCACTCAGT",chr11,85
10508270,10508326,TGCACAGTTAGGGTACCGCGGCCGTTAAACGCATGTCACTGGGCAGGCGGTGCCTCT,chr11,56
19575310,19575372,"GCATGCTGGGCGAGGCTGGCATCTAGCACAGGCGGTAGATGCTTGCTCTTGCCATTGCAA
TGA",chr11,62
47400970,47401042,"ACTGTCCTTCAGCCAGAGCTGGCTGAAGGGCAGAAGGGAACTGTCCTTCAGCCAGAGCTG
GCTGAAGGGCAGA",chr11,72
61508596,61508657,"GGTAGGGGGCGGGCTCCGGCGCTGGGACCCCACTAGGGTGGCGCCTTGGCCCCGCCCCGC
CC",chr11,61
65649192,65649253,"GGGGGTGGGGCTAGTGATGCAGGACGCTGGGGACTGGAGAAGTCCTGCCTGACCCTGTCC
CA",chr11,61
74399237,74399333,"GGTCGGTGCAAAAGTAATTGCTGTTTTTGCCATTAAAAATAATGGCATTAAAAGTAATGG
CAAAAACGGCAATGACTTTTGTACCAATCTAATATCT",chr11,96
90555774,90555857,"TTAGTTTCTAATATGCCCAAATCTCTTACCAGAGACCATTAAGTTCTGGTCTTTGGCCAG
AGATTTGAGCATTGCAGAAACTAT",chr11,83
111347757,111347824,"ACATTTGGTCACACCAGTCCACATTAACGTGGACCAGACAATATTAATGTGGACTGGTGT
GACCAAAA",chr11,67
118910708,118910787,"CTGCAGCGTGCTTCTCCAGGCCCCGCGCGCGGACAGACACACGGACAAGTCCCGCCAGGG
GCTGGGCGCGCGCCAGCCGG",chr11,79
123381440,123381512,"GACAGAGATGGAAAGGCCTTCTGGAGGTAAAGGCATGGCTGTGATAATCACCGGAAGGCC
TTCCCATCTCTGG",chr11,72
36010098,36010204,"GCCCAGGGTAGCTCTCTGTATTGCTTGTTACATTTTAGGATTGCTTGCCCCTTGCTCCAA
TGGTGCAGGCAGAAGAAATGCAAACAAAGTACAGCATTAGCCTTAGC",chr11,106
2173063,2173138,"GGCTTCCTGTATCTGCTGGGCTTTCTGGTGTTGGCAGCCCAAGATGACACCCTGGGCCCA
GCAGGAGCCAGAAGCC",chr11,75
3856062,3856141,"ACCTGAGGAGCCAGCCCTCCTCCCGCACCCAAACTTGGAGCACTTGACCTTTGGCTGTTG
GAGGGGGCAGGCTCGCGGGT",chr11,79
34941837,34941920,"GCTGGCGTCGGTGCTGGGGAGCGGCCCCCGGGTGGGCCTCTGCTCTGGCCCCTCCTGGGG
CCCGCACTCTCGCTCTGGGCCCGC",chr11,83
46376402,46376484,"GTCTACTCCCAGGGTGCCAAGCTGTTTCGTGTTCCCTCCCTAGGGGATCCCAGGTAGGGG
CAGCAGAGGACCTGGGCCTGGAC",chr11,82
65636310,65636369,GAGCAGGCGAGGCTGGGCTGAACCCGTGGGTGAGGAGTGCAGCCCAGCTGAGGCCTCTGC,chr11,59
68033897,68033981,"GGAGCACTCCCAGGTCCTCCAGGCCATGAGCTGCGGCCCTGATGTCTCTACTCCAGCCAC
GGACTGAGAGTGCATAGGAGTGTCC",chr11,84
72783530,72783592,"GTTTTACTTGATACCCACACTGCCTGGGTGGGACACTCAGGCAGTGTGGGTATCAGATAA
AAC",chr11,62
103849906,103849980,"GTTTAAAGAATACTGTGAATTTCACTGTCACAAATTCAAATAAAGTGAGAGTGGAATTCA
CAGTATTTAAGGAAT",chr11,74
19760004,19760083,"CAAATACATAGGTGTTATCCTGTCCATTTGACTCTATTTTCTGAGAGAGGCAAATGGATA
GGATAACACCTATGTATTTG",chr11,79
74720268,74720337,"CAAAGCCACTGCAAAATGGACATTGTCATCTTCTGGAATAGATGACAGTATCCGTCTTGC
AGTGGCTTTG",chr11,69
79422169,79422226,GATCTGGTACTCCTTAAGCTAATGGTGACAGGGGCCTGTTAGCTTAAGGAGTACCATA,chr11,57
46753125,46753192,"CCTAGGCACACTTAAAGTTTTAACTGATATAGTTATAACTGATGTAGCTATAACTTTAAG
TGTGCCTA",chr11,67
9090312,9090379,"GGACAGACAAGCTCTGAACACCAAGCAGCTGTCTGTCAGCTTTCTCGGAGCTCAGAGCAA
GCTTGTCC",chr11,67
15969533,15969621,"GGCCAAACACTGCTCTCTCACTGTAGCTGATAACTCACTACCCCGAGAGGCACAGTGACT
CATCAACTTTCAGTTTGGACCAACATCTA",chr11,88
12163683,12163767,"GGGGAGGTAGGGAAAAGGAAGGGGGAGGAGAAGGTGAGACCAATGTCCTGGGTGCCACTC
CTGCCCAGTGCCTCCCTTCCTCGTT",chr11,84
56743873,56743981,"AAGAAGCTTGTAGATTTTTCTCCCTTACTATCTAGAATTATAGGACTTCAGTCCATGATT
TGGAAAAATTACTGGAATTGGAGTCAAAAATAATTTGAAAATTAGGAAT",chr11,108
60209071,60209156,"AATGGTCCCCCAGGGAGGTCTGCATCCTAGTCCCCTAATCCTCAGCTTCTGGGGATTTGA
ATGCAGACCTCCCTGGGGGGACCATT",chr11,85
62792702,62792771,"CTGGAGTGGAAGAACAGGCAGCTCTGTAAGAACTCTGACTCGTAAATGCCAGCTGAAAGT
CCACTCCATA",chr11,69
118644000,118644079,"GAGAGGCCAAGACCTTGGGAATGGGGGTAAGGGCCTTCTGAGCCCAGGTCCGAACTCTCC
ATTCCTCTGCAGAGCGCTCT",chr11,79
1256605,1256670,"TCACGTGGATGACAGTGGAGGCCTCCTGGATCTCTAGGTCTCAGGGCCTCTCTTGTCATC
CTGCAG",chr11,65
47179611,47179737,"TGAGAACCAGACCTTCTTCCACCCAGGACTCCACCAGTGTTTACCAGACACTGCCATAGG
CTGCTAGACCCAGGGCTAGCCACTAGGGGCAATCAGTCCCAAGACCCAGCTCCTGCCCTC
AAGGACC",chr11,126
61878216,61878278,"CTGTGGAGACAGGCGGCGGCTGGAGACAGCAGCTCTCCAGGCCACCTCCTTCTCCCGGGC
AAG",chr11,62
62567011,62567071,"CTGGTGCAGAGGAAGGCAGGAAAGTGAACGAATGTTCTGCCTCTTTCCACACCCCTCCAA
A",chr11,60
62789815,62789885,"TGGTGTGTGGGTGGGAAGGACTGGATTTGAAATGGTCCCACTCCTGACGATCCTGTCCCT
GTCTCCTACAG",chr11,70
64902387,64902455,"CTGGGCCAGGCAGGGGAGGAGCAATGAGTGAGACAGGACAGAGCTCCCCCAACCCCAGGC
CCGAGGGCC",chr11,68
64898363,64898437,"CTGGGAGCAGAGGGTGAGTTCTGGACACCTGCTGGGCCTCTGGGGCAGCAGCTCACCCAG
CTGTTCCCTGACAGC",chr11,74
65129916,65129978,"CTGGAGAGAGAGAGGCTCAGTCTGGGCTGCTGGGGCCAGACACCAACCTCACCCCCAAGA
AGA",chr11,62
67490245,67490315,"ATGGAGGGGGGTGTGGAGCCAGGGGGCCCAGGTCTACAGCTTCTCCCCGCTCCCTGCCCC
CATACTCCCAG",chr11,70
68044794,68044957,"CACCAGGGCAGAGCAGGGCTGATCATCTCACGTCAGAGAGAGGGGAAGGGGCTGCCCAGT
GAGCCCCCACAGGGCTCTACATCTCCAGCTGGGCCTGGCTGGAGATCCCAGGGTCCCTGA
AGGCCCCCGCCACCGTTCTGGTCTGTCTCTGCCCTGGCACCCAG",chr11,163
71473503,71473568,"GGCTGCCAGGGAGGCTGGTTTGGAGGAGTCTGGTGGCCTGTTCTCTTCACCTGCCTCTGC
CTGCAG",chr11,65
86278333,86278398,"TGTTTTAGGGTAGACACTGACAACGTTATGTGTGGTCTTTAACCTGTTGTCATGTTTTTT
CCCTAG",chr11,65
119312950,119313012,"CTGGGCAGGGAGGAAGGGGAGGAAGACTCAGCCTCAGCCCCACCTCCAGCCCCACCCTAG
GGT",chr11,62
67045643,67045708,"GTTAAGCATTGGGGAGTTTGGAGTCGGTGGGTGGAGCCAAACTGGGCAGGGCTGTGGTGA
GTGAGT",chr11,65
65018505,65018570,"CAGAGCAGGGCAGGGAAGGTGGGAGAGGGGCCCAGCTGACCCTCCTGTCACCCGCTCCTT
GCCCAG",chr11,65
68032864,68032922,CTCCAGGGAGACAGTGTGTGAGGCCTCTTGCCATGGCCTCCCTGCCCGCCTCTCTGCAG,chr11,58
45691704,45691776,"ATCCCACAACTTGTCCTCCTATCTCCTCAGCTTGCTTCCCTACCAAGGCTCCAAGCTAGA
CCCAGTTCATGAA",chr11,72
64341849,64341904,GGTCTGAGGTCTTGGGCCATCAGTGATGTCACAACCAGATGGCCCAAGACCCCAGA,chr11,55
1880045,1880147,"GTGTCGGCTGTGGCGTGACTGTCCCTCTGTGTCCCCCACTAGGCCCACTGCTCAGTGGAG
CGTGGAGGACGAGGAGGAGGCCGTCCACGAGCAATGCCAGCAT",chr11,102
23419105,23419190,"AGACAATGAGATATGTACAATGGGAAGGCTTGCTTCAGCTAAAGCAATCTATTGAACCCA
TCCGATCTGTACTTTCTGCATTGCTG",chr11,85
28477481,28477548,"TGGCAAAGTATTTGTTGTAAGGATAACTGTATTGCCACAACGATCCTTACAACAAACATG
AGTTAGCC",chr11,67
11783135,11783222,"GCTTCACTCACATGATGATCAGGCTTCACTCACATGATGATCAGGCTTCACTCACATGGA
GTCAGCCGTCAATCACATGGGATCAAGT",chr11,87
27514970,27515047,"AGGCAGAAAGGAAAACTTCCAACTGAAAGGGCCCTTAAAGTAGGGCCCCTGTAATCCAAG
AAGTCTTCACTTCTTAGA",chr11,77
64878523,64878609,"GGTGCGGAGCCGAGGCGGGGCCGGCCGGGGCAGGGAATCGGGAGCGACCCACACTGCGCA
GGCGCACAGCCCAGCCCGTCGAAGCGC",chr11,86
122152103,122152156,CTCCACCTCAGCCCCCTTTTCCATTTTTATCACTCTTAAAGGAAACTAAGGGGA,chr11,53
53991738,53991847,"TGCTCGCTCAGCTGATCTGTGGCTTAGGTAGTTTCATGTTGTTGGGATTGAGTTTTGAAC
TCGGCAACAAGAAACTGCCTGAGTTACATCAGTCGGTTTTCGTCGAGGGC",chr12,109
62603686,62603769,"CTGGCTGAGGTAGTAGTTTGTGCTGTTGGTCGGGTTGTGACATTGCCCGCTGTGGAGATA
ACTGCGCAAGCTACTGCCTTGCTA",chr12,83
97563812,97563911,"AGATAAATTCACTCTAGTGCTTTATGGCTTTTTATTCCTATGTGATAGTAATAAAGTCTC
ATGTAGGGATGGAAGCCATGAAATACATTGTGAAAAATCA",chr12,99
6964097,6964191,"CGGCCGGCCCTGGGTCCATCTTCCAGTACAGTGTTGGATGGTCTAATTGTGAAGCTCCTA
ACACTGTCTGGTAAAGATGGCTCCCGGGTGGGTTC",chr12,94
6963699,6963766,"CCCTCGTCTTACCCAGCAGTGTTTGGGTGCGGTTGGGAGTCTCTAATACTGCCGGGTAAT
GATGGAGG",chr12,67
57824609,57824692,"AGCTGCCTCCAGAAACAAGTAATCAAGAATAGGCCTCACAGATGGAAACAGCCTATCCTG
GATTACTTGAATCCAGCCACAGCC",chr12,83
54337216,54337314,"CAAGCACGATTAGCATTTGAGGTGAAGTTCTGTTATACACTCAGGCTGTGGCTCTCTGAA
AGTCAGTGCATCACAGAACTTTGTCTCGAAAGCTTTCTA",chr12,98
95308420,95308513,"GAGTTTGGTTTTGTTTGGGTTTGTTCTAGGTATGGTCCCAGGGATCCCAGATCAAACCAG
GCCCCTGGGCCTATCCTAGAACCAACCTAAGCTC",chr12,93
94834398,94834513,"CAACTACAGCCACTACTACAGGACCATCGAGGACCTGCGGGACAAGATTCTTGGTGCCAC
CATTGAGAACGCCAGGATTGTCCTGCAGATCAACAATGCTCAACTGGCTGCAGATG",chr12,115
12764649,12764743,"GGTGAGTGCGTTTCCAAGTGTGAAGGGACCCTTCCTGTAGTGTCTTATATACAATACAGT
AGGAATGTTCCTTCTTTGCCACTCATACACCTTTA",chr12,94
12915829,12915918,"TCTAAGAAACGCAGTGGTCTCTGAAGCCTGCAGGGGCAGGCCAGCCCTGCACTGAACGCC
TGTTCTTGCCAGGTGGCAGAAGGTTGCTGC",chr12,89
54033950,54034045,"CTCGGGAGGGGCGGGAGGGGGGTCCCCGGTGCTCGGATCTCGAGGGTGCTTATTGTTCGG
TCCGAGCCTGGGTCTCCCTCTTCCCCCCAACCCCCC",chr12,95
57519163,57519259,"TTTTAAAACAGGTCATTCCTCTGCTCAAACCCTCCAATGACTTCCTATTTCATGTCATGG
AAGTCACTGAAGGGTTTTGAGTGGAGGAATTACCTAA",chr12,96
64622509,64622605,"CATTGGCATCTATTAGGTTGGTGCAAAAGTAATTGCGGTTTTTGCCATTACTTTCAGTAG
CAAAAATCTCAATTACTTTTGCACCAACTTAATACTT",chr12,96
80832533,80832629,"GCTCCTCATTTATTGAATCAGAAGGAGCCTGGACTTACCATTTGAAGGTGGTAGGAAATG
GCCACCTTCAAATGGGAAGTCTAGGCTCCTTATGATG",chr12,96
80935736,80935833,"TCAGACTCATCCACAGGGTAAACCTGCTTGTCTCCTGAGCTACTGCATGTACGTAATTAC
ACTCAGAAGGACAAGTAGAGTTTGGCTGTGAACAAGAG",chr12,97
108836908,108837006,"CTGCAAACTGACAGTACTGGGCACAAACATGTCCAGGTCATGGTCGACCGCAGTGGCTCA
TGCCTGTAATCCCAGCATTTTGGGAGGCTGAGGTGGGCG",chr12,98
116148560,116148654,"TTCTTTGCTTGTTTTATTTCTATATCTATCTCCATATATATGGAGATATCTATATATATA
TATATATATATACGGAGCTAGATATAGATATATAT",chr12,94
24212421,24212495,"GTAGTTGTTCTACAGAAGACCTGGATGTGTAGGAGCTAAGACACACTCCAGGGGAGCTGT
GGAAGCAGTAACACG",chr12,74
119713634,119713724,"ACATCACCTGACATTCTAGGGAAGAACAGTGAGCAACCTGAGGGCATGCTCAGCTGACCC
TGGACCCTTCCCTTCCTCTGCCAGCCAACGC",chr12,90
57194504,57194576,"GTGGGCGGGGGCAGGTGTGTGGTGGGTGGTGGCCTGCGGTGAGCAGGGCCCTCACACCTG
CCTCGCCCCCCAG",chr12,72
48654444,48654530,"CAGGAAGACAGTCCTTTAGGCCTCTGCTTGAAACCAACAGCCACAGTACAACTGCTGGTC
TTCAGTCAGGGCCACTGGAATTCTACC",chr12,86
50234142,50234212,"TAAAGACTAAGTGGTCCGGAGATTTGTGCAGGTACAAGCTGCACAAATCTCCAGACCACC
CAGAACAACCT",chr12,70
112695034,112695176,"TACAGGAATCCTAGTTACATTTGAATTTCAGATAAGCAAGGAATAATTTTTAGCATAAGT
ATGTCCCAAATATTGTATGGGATATTCTTACATACACAATTATTCATTGTTTACTTGAAA
TTCAAATTTAACTGGGCTTTCTG",chr12,142
97491909,97491978,"GTGGACTCTAGCTGCCAAAGGCGCTTCTCCTTCTGAACAGAGCGCTTTGCTCAGCCAGTG
TAGACATGGC",chr12,69
69273157,69273218,"GGAAGTTCTTATACTCTTCTTTCTTGGCATTAGAAAGAAGCAATATGAATTTTTGTGAAT
AT",chr12,61
79419257,79419321,"AGAAAGAAGGAAATTGAATTCATTTAGAAAAGAGAATTCCAAATGAGCTTAATTTCCTTT
TTTCT",chr12,64
100189884,100189949,"TCAGCAGCACAGCCTTCAGCCTAAAGCAATGAGAAGCCTCTGAAAGGCTGAGGCAGTAGA
TTGAAT",chr12,65
123010667,123010728,"GGAGAAGGATGGCAGCAGTCACAGAGCAATGGGGATGCCCTGGACATGCCGGCCACTTCT
CT",chr12,61
25874020,25874079,CTCATTCCAATACCTTAAGTAAACTCAGCCACCTCGCTGAGCCACACTGGTCCCTCCTGA,chr12,59
97995383,97995448,"ACCATGGTTAGCTCCTAAGCTAAAGAAAAGCAGAGCAAGCTGTCCTCAGCTCAGAAGCTA
TTTTCT",chr12,65
9239467,9239551,"TTTTTAACCATCTCATACAAACCAACTACTTATAGTACAGCTAAGTACATACACAAAAAA
GTTACTGGAATGCTCGGAATAAGAT",chr12,84
1660315,1660380,"GCTTAGACACTCAGGTCCCTGTGTTTGCTAGAAACACTTGGGCACACACAGGTGCCTGTT
CCAAGC",chr12,65
103930425,103930555,"CGGCTGGAGGTGTGAGGATCCGAACCCAGGGGTGGGGGGTGGAGGCGGCTCCTGCGATCG
AAGGGGACTTGAGACTCACCGGCCGCACGCCATGAGGGCCCTGTGGGTGCTGGGCCTCTG
CTGCGTCCTGC",chr12,130
112037599,112037715,"TATGTCCTTAATCATATATGAAATCTGAAATCACCAATAATGGGACACAACAACATTAAT
CACATTAGTGTCCCATTATTGGTGATTTCAGATTTCATTATTTAATTATGGGACACA",chr12,116
95309923,95309984,"GTACATTTCCTACCCTACCTGAAGACTTGAGATTATAGTCTTTGGGGGGATGGGCAAAGT
AC",chr12,61
123536409,123536534,"GCCTGAGCAATGTAGGTAGACTGTTTCTAAAAAAATAAAAAGTTAAAAAAATTTATGTTA
ACGTGTAATGTGTTTACTAATTTTTTTTTTTTTTTTTGGAGACAGAGTCTCCCTCTGTCG
CCAGGC",chr12,125
69584722,69584823,"CTGTCTATAATAAACTGAAATATTTGGGACTGATCTTGATGTCTGCCAAGGTTTTGGCAG
ACATCAAGATCAGTCCCAAATATTTCAGTTTATTATAAACAA",chr12,101
69584723,69584822,"CTGTCTATAATAAACTGAAATATTTGGGACTGATCTTGATGTCTGCCAAGGTTTTGGCAG
ACATCAAGATCAGTCCCAAATATTTCAGTTTATTATAAACAA",chr12,99
104591633,104591716,"GGAAGAGTCAAGTCAAGGCCAGAGGTCCCACAGCAGGGCTGGAAAGCACACCTGTGGGAC
TTCTGGCCTTGACTTGACTCTTTC",chr12,83
64622509,64622605,"CATTGGCATCTATTAGGTTGGTGCAAAAGTAATTGCGGTTTTTGCCATTACTTTCAGTAG
CAAAAATCTCAATTACTTTTGCACCAACTTAATACTT",chr12,96
116428252,116428318,"ACTCCGGCCTGGGCGACGGAGCAAGACTCTGTCTCAAAAACAAAAACAACACCCCCCACC
CCCACCA",chr12,66
47364186,47364269,"GGTTTCAGTTACCTCTGGTCAGCCACAGTCTGGAATTTTCCATTTTGTATTTTCAGACTG
CAGATGACCAGGGTAACTAAAACT",chr12,83
97939056,97939121,"CAGAAATGTAAATAAGCTTTTTGCTCAAAATAACTCCACTGAGCAAAAAGCCTGTTTACA
TTTCTT",chr12,65
108635810,108635870,"ACATCAGCTCATATAATCCTCGAAGCTGCCTTTAGAAATGAGGAAACTGAAGCTGAGAGG
G",chr12,60
109833348,109833436,"ACCTCCGGGACGGCTGGGCGCCGGCGGCCGGGAGATCCGCGCTTCCTGAATCCCGGCCGG
CCCGCCCGGCGCCCGTCCGCCCGCGGGTC",chr12,88
120155434,120155499,"TGGGAGATCCAAGGCAGGGGCTGCTTAGACAAAGATCTGCAGCACTTGCCCTGCCAGCCC
AGCCCT",chr12,65
17673299,17673394,"GTTCAGGGAAAAGGTCATTGTAAGGTTAATGCACCCATATTTTAATATCAAACTATGACA
AATTTGACTACAGCCTTTCCGTACCCCTGCCAAAAC",chr12,95
47187812,47187891,"TGCTTCTCCTGGGGTCTTCCTCTACATTTCCACCTAGACGGGCCTGGGTCAAAATGTAGA
GGAAGACCCCAGAAGGAGCA",chr12,79
81158388,81158461,"AGCAATTGGAGAAGATTGCAGAGTAAGTTCCTGATTAAGAAATGGAATTTACTCTGCAAT
CTTCTCCAATTGCT",chr12,73
120723193,120723266,"TCAGTGAGGTCTGGGGATGAGGACAGTGTGTCCTGAAATTCACAGGACTGACTCCTCACC
CCAGTGCACGAGGA",chr12,73
48771975,48772037,"TGTGGACACCACACCCATCACCCATTGCCCGACATTCACAAGGGGTAGGTGTGGTGGCCA
AGG",chr12,62
54231397,54231476,"GACTGTGCTCTCTCCATTCCCCAGGACTCCACAGAACCATCTGGTACTGCTAGTGCTGGG
TGAACAGTGAGAGCAGAGTC",chr12,79
124915547,124915659,"GGGAGGCATGGAAATTTCTCTGGTTTCAATGGGTACGATTATTGTAAGCAGGATCCATTC
AATAATCGGACCCATTTAAACCGGAGATTTTAAAAGACAGGAATAGAATCCCA",chr12,112
94561789,94561859,"TTAATTAATGCATTAAATTATTGAAGGCCCTTGGGCACCCCAGGCCTTCAATAATTTAAT
GCATTTATTGA",chr12,70
66023620,66023726,"CCACACCCACCCTCAAGGCTACCTCTATCTCCACCTAGCCTCTGAATATCTCCACCAAAG
AGCAAATCAGTTGACTGAAGGTGAGTAAAAATTCCATGGGGTTGGTA",chr12,106
62260359,62260454,"GCTCTGGGGCGTGCCGCCGCCGTCGCTGCCACCTCCCCTACCGCTAGTGGAAGAAGATGG
CGGAAGGCGGAGCGGCGGATCTGGACACCCAGCGGT",chr12,95
66251082,66251157,"CAGAGTGGGAGCTCTAGAAAGATTGTTGACCAATCATCTTATTGACTAGACCATCTTTCT
AGAGTATAACTATTTT",chr12,75
48132797,48132867,"GCATTGGAATAGGGGATATCTCAGCATGTTGAGCCCTGTCTCTGGGGAGCTGACTTCTAC
CTCTTCCAAAG",chr12,70
53056944,53057012,"GGGCTTAGGGATGGGAGGCCAGGATGAAGATTAATCCCTAATCCCCAACACTGGCCTTGC
TATCCCCAG",chr12,68
57512688,57512750,"TGGGCTAGAGAGGGGAAGGATGTGATGTGAGCAGATGGTTCTCACTCATTCTCCTCTGTC
CAG",chr12,62
57748618,57748682,"CTGAGGGGAGAGGCAAAGGTCAGAAAACCATGAAGAAAACAGACTTCTGCCCACCCACAA
CAATA",chr12,64
111304142,111304209,"CAGTGCAGGGAGAAGGTGGAAGTGCAGAGTGGGCTCACCTCTCGCCCACACTGTCCCCTT
CTCCCCAG",chr12,67
111799834,111799905,"TCTGCTCTGAGAGAGCTCGATGGCAGGTGCCTCCGTGTTGCCGAACCCTCCTACGCTGCT
CTCTCACTCCAG",chr12,71
113291523,113291608,"AGAGCCGGGGCCATGGAGCAGCCTGTGTAGACGGGGACCTGCCCTGCATGGGCACCCCCT
CACTGGCTGCTTCCCTTGGTCTCCAG",chr12,85
112163258,112163321,"TGTGGGCCTGGGGAGGAGAGGTCCAGGTGTCAGGAGCCCTGGAGCCCCACCTACCCAGTG
CCTC",chr12,63
124337181,124337242,"CTGGGGGAGGAGAGAAGGCGGTCAGGCAGTCATGGGAGCTGCCCTCTTCCTCCACCACCC
TC",chr12,61
113159113,113159177,"CTGGGACAGGGATTCAGGGAGCTCAGCTGTTGGGATCACTCCCAAGATCCCCTCCTCCCA
GAAGC",chr12,64
121444273,121444352,"CTTGTAGGCCAAAAAGAGAGAATGAACAGACCAACTGTATACCTTTGGACTTGCCCTTCC
TCCTCCCCAGGCCGACGGCA",chr12,79
94571231,94571352,"TGAAACAGATTCGTGTTAACGAAGTACAAGGACTGAGTTGGCAACTGCTACGGAGTTAAG
AGAATTGTAGTTATTTACACCACACAGTCCTAGTTTTTCTTACACACGAGTCCGCACAAT
CA",chr12,121
42323700,42323859,"TGGCTCACTGTCGCCTCGACCTCCTAGGCTCAAGCAATCTTCCAACCTCAGTCTCCCAGG
TAGCTTGTAGAGGCATGGTGGCACACACCTGTATTCCCAGCTACTTGGGAGGATGAGGTG
GGAGGATCACCTGAGGGGGCGGGGAGGCTGCAGTGAGCCA",chr12,159
123364764,123364843,"GGCGACTGGAGCGGAGGCGGCGGTGGCGGCGGCAGCAGCGGCGTCCTGCTCTGCCTACCT
CCCCGCCGCCATCTTGACGC",chr12,79
12111952,12112036,"ATCTTATTCCGAGCATTCCAGTAACTTTTTTGTGTATGTACTTAGCTGTACTATAAGTAG
TTGGTTTGTATGAGATGGTTAAAAA",chr12,84
52898889,52898984,"AGGGAAGCCCTCTGTGGGGTAGGGGACAGGTAAGTAGGTCAGGTTGGGTATGCCTTCTCT
TCTCCCGTGCTCCCACCCTCCCTCAGGGTCCTCCCC",chr12,95
122695907,122695999,"GAGAGACAGAGAGAGAGAGACCAGAAGCCTGGCTTGTCAGAAGTTCTTACTCTCTTTGCT
GGCATACCAGATTTCTGGGTTCCCTTTCCCTGC",chr12,92
63823663,63823727,"AAAGCAAATGTTGGGTGAACGGCTGTTTCCTCTTATTCAAGCCATGCACCTTACTCTTGC
TGGTA",chr12,64
86745068,86745149,"AGGCTGTTCACCCAACCTTCTCTTCCCTAGAGGGTAGTTAGAGCTACACCCTATGGGGCA
GAGAGGAAAGGGTGTACCACCT",chr12,81
122709332,122709424,"GAGAGACAGAGAGAGAGAGACCAGAAGCCTGGCTTGTCAGAAGTTCTTACTCTCTTTGCT
GGCATACCAGATTTCTGGGTTCCCTTTCCCTGC",chr12,92
50049119,50049201,"CCTTGTATTTTTGAGGCAGCACAATATGGCCTGCACCTTTTCAAAATCCACAAACCATTA
TGTGCTGCTACTTTACTCCAAGG",chr13,82
50048973,50049061,"GTCAACCTTACTTCAGCAGCACAGTTAATACTGGAGATAATTTTAGAATCTTAACGCCAA
TATTTACGTGCTGCTAAGGCACTGCTGAC",chr13,88
91350605,91350688,"GTCAGAATAATGTCAAAGTGCTTACAGTGCAGGTAGTGATATGTGCATCTACTGCAGTGA
AGGCACTTGTAGCATTATGGTGAC",chr13,83
91350751,91350821,"TGTTCTAAGGTGCATCTAGTGCAGATAGTGAAGTAGATTAGCATCTACTGCCCTAAGTGC
TCCTTCTGGCA",chr13,70
91351192,91351278,"CACTGTTCTATGGTTAGTTTTGCAGGTTTGCATCCAGCTGTGTGATATTCTGCTGTGCAA
ATCCATGCAAAACTGACTGTGGTAGTG",chr13,86
91351065,91351135,"GTAGCACTAAAGTGCTTATAGTGCAGGTAGTGTTTAGTTATCTACTGCATTATGAGCACT
TAAAGTACTGC",chr13,70
91351314,91351391,"CTTTCTACACAGGTTGGGATCGGTTGCAATGCTGTGTTTCTGTATGGTATTGCACTTGTC
CCGGCCTGTTGAGTTTGG",chr13,77
40810766,40810861,"TAGATTGAGGAAGGGGCTGAGTGGTAGGCGGTGCTGCTGTGCTCTGATGAAGACCCATGT
GGCTAGCAACAGCGCTTACCTTTTGTCTCTGGGTCC",chr13,95
90231182,90231277,"AGAGAAGCTGGACAAGTACTGGTCTCAGCAGATTGAGGAGAGCACCACAGTGGTCATCAC
ACAGTCTGCTGAGGTTGGAGCTGCTGAGATGACACT",chr13,95
99356131,99356228,"GTACACAGTAGAAGCATCCCTTGCAGGGGCTGTTGGGTTGCATCCTAAGCTGTGCTGGAG
CTTCCCGATGTACTCTGTAGATGTCTTTGCACCTTCTG",chr13,97
52810050,52810140,"TAATAAATTAAATGCCTAAACTGGCAGAGTGCAAACAATTTTGACTCAGATCTAAATGTT
TGCACTGGCTGTTTAAACATTTAATTTGTTA",chr13,90
54311972,54312048,"GTTTCACTACACCTGAATTACTTGAATTACTTTGGCTCAGATAAGTAATTCTAATAGATC
AACCCTAGAGATAAACA",chr13,76
107531171,107531248,"TCCTCATCCAAATCTCATGTTGAAATGTAATCCCCAATGCTGGAGGTGGGGATTACACTT
CAACAGGAGATTTGGGAG",chr13,77
40727816,40727887,"TTTTTCTTTTCATCCTCTCAACCCAGCTTTTCTCAACTTTGGGAAGAACTGGGACGAGAA
GGCCAACATTTT",chr13,71
24162416,24162504,"GTGTTCTTCCAGTCCGCCCTCTGTCACCTTGCAGACGGCTTTCTCTCCGAATGTCTGCAA
GTGTCAGAGGCGAGGAGTGGCAGCTGCAT",chr13,88
101967642,101967746,"CACGTTGAATTATTCATGCATCTGTGCTTTACCAACTCCATGATACTGAAGAGTCTTTGG
GCAGTCTCCTGGAGGTGGTAAAACACAAATGCGTGAAAAGGGGGC",chr13,104
41101019,41101100,"AAGTCACTGGCCCAGGGTCACACAGCAAGAAGTGAAGATGAGCCTCCAACTCAGGCTGTC
TGACTGTAGAACTCATGATCTT",chr13,81
61199798,61199880,"ATGTAAAAACACAGGACTATGCTTGGCACACAGTACCATAAGACTTTGTGCTATGTGCCA
AGCACAGTCCTATGTTTTCACAT",chr13,82
98208524,98208600,"CTGGTAACACTGGGGTTCTGAGACAGACAGTGTTAGCTCCAGAAGCATTGCCTGTCTTAG
AACCCCTATGTTACCAG",chr13,76
39664034,39664135,"AAAGCAATAAGACAGAGAATTTCCCTCACAGTCTGAAAACTGAGTTTGTAGAGGATTAGG
CCTCTAAGAACCCAGAACTGGAGGTGTCTAGGTCTAAGGCAG",chr13,101
99643059,99643149,"AAGCTGCTTAGTGTCCTTAGAGTCTCCAGAGGCATCCCTAACCCAGAATCTTTTGACTGT
CCTCTGGAGAGAAAGGCAGTAGGTCTGTACC",chr13,90
49996415,49996501,"TGAAGTGGTGTGAAGGGTTGGGCTTTTTTTTTTGTTCCTAAAAATGCAACGAACAAAAAA
AAAAGTACAACAATCCAAACCCAACCA",chr13,86
77698012,77698116,"GGAGCTGGTGCGCAAGCTGGAGAAGCAGAACGAGCAGCTGCGGAGTCGAGCGGCCAGCGC
GGCCGCCGCCCCGCACCTGCTGCTGCTGCCGCCGCCGCCGCCCGC",chr13,104
65966330,65966429,"CACACAAATATTAGGTTGGCACGAAAGTAATTGCAGTTTTTACCATTACTTTTAATGGCA
AAAGCCACAATTACTTTTGTGCCAACCTAATATTTGGCAT",chr13,99
20433778,20433846,"AAACAGACTGAGACAAGGAGTTAGAAAGCATTTCTATGTACAACTCACCAGTTCCCTCCT
CTCAGTCTT",chr13,68
87618665,87618740,"AAGTTCAAGAAACTACTACCTCAGCCATTATGCGTTTGATCTACACTTTAGCTTCTGGGC
AGTACTTTCTCTCCTG",chr13,75
96427229,96427292,"TATGTGACCTCGGATGAATCACTGAAATATGTCTGAGCTTCTGTTTCATCAGATGTCACA
TTTT",chr13,63
114273828,114273908,"AGCCTTTAGCAAGTTGTAATCTTTTTGCTGATGGAGGGTCTTGCCTCCATGGGGATGGCT
GATGATGATGGTGCTGAAGGC",chr13,80
51552589,51552667,"TTATGCATATTAGCAATACAGTACAAATATAGTGTGTTTGATTTGCACTGTAGTTGTATT
GTATTGCCACTCTGTATAA",chr13,78
66218250,66218324,"CTTATCCTAGACACTAGGCATGTGAGTGATTGTCTTCCTCACTCAATCAGTCACATATCT
AGTGTCTAGAATGAG",chr13,74
102045934,102046004,"CTCACAAAACCAATCACTTGGTAATTGCTGAGTTGTTATCACAGCAATTACCAAGTGATT
GATCTTGTGAG",chr13,70
41568286,41568395,"CTGGTAAAGTTCTCTGAAGCCTGCCAGGATGGAAAGGGAAAGGAAGTTACCACTGTAAAT
GGGGCTCCCTTCCACCTCCTGCCCTGGCAAACCACAGCCCCCTAATGGTT",chr13,109
55174454,55174548,"GGTAAACCTTGGTGACTAATTAGAGTCTGGCTGATATGGTTTGACACAGAGCTAAATCAT
ATGAACCAAACTCTAATTAGTCAATAATTTCTGTT",chr13,94
114244505,114244561,AAAAGTAATTGCAGTTTTTGCTGTTGAACGTAGTGGTAAAACTGCAGTTATTTTTGC,chr13,56
92490163,92490220,AAAAGTAATTGCGGGTTTTGCCGTTGCTTTTAATGGTAAAACCCACAATTATGTTTGT,chr13,57
51348567,51348639,"CTAGAGTTTGAGTTCATTTCAGAGCCACTGCTGGCTAGCTCACAGCACAGACTGAAATGA
ACTAACTTCCCAG",chr13,72
110340958,110341029,"GATTTCAGTGACCTGGCAGCAGGGAGCGTCGTCAGTGTTTGACTGTTTATGGTATGTCAG
GGAGCTGGTTCC",chr13,71
113262920,113262999,"CCTTGCTGATGGCAGATGTCGGATCTGCCTCGCTTATACGTGCCCTTGCTGATGGCAGAT
GTCGGGTCTGCCTCGCTTAT",chr13,79
44196129,44196200,"CCTCTGGAGGCCTGTGATGTCCCCTCTGACTGCTGCCCTACAGCCAGCAGAGACGATCAC
TGAACCCAGGCA",chr13,71
23388596,23388666,"TGACCAACAAGCTTTTTGCTCGTCTTATACGTGAGCATCAGGTATAACCCGGGCCAAAAG
CTCGCCCGTCA",chr14,70
104117405,104117514,"GTGTTGGGGACTCGCGCGCTGGGTCCAGTGGTTCTTAACAGTTCAACAGTTCTGTAGCGC
AATTGTGAAATGTTTAGGACCACTAGACCCGGCGGGCGCGGCGACAGCGA",chr14,109
100882979,100883075,"TGTGATCACTGTCTCCAGCCTGCTGAAGCTCAGAGGGCTCTGATTCAGAAAGATCATCGG
ATCCGTCTGAGCTTGGCTGGTCGGAAGTCTCATCATC",chr14,96
101054687,101054759,"CAGGGTGTGTGACTGGTTGACCAGAGGGGCATGCACTGTGTTCACCCTGTGGGCCACCTA
GTCACCAACCCTC",chr14,72
100884702,100884783,"TGAGCCCTCGGAGGACTCCATTTGTTTTGATGATGGATTCTTATGCTCCATCATCGTCTC
AAATGAGTCTTCAGAGGGTTCT",chr14,81
101059755,101059838,"GTGGTACTTGAAGATAGGTTATCCGTGTTGCCTTCGCTTTATTTGTGACGAATCATACAC
GGTTGACCTATTTTTCAGTACCAA",chr14,83
101023794,101023856,"AAGAAATGGTTTACCGTCCCACATACATTTTGAATATGTATGTGGGATGGTAAACCGCTT
CTT",chr14,62
101039690,101039755,"AAAAGGTGGATATTCCTTCTATGTTTATGTTATTTATGGTTAAACATAGAGGAAATTCCA
CGTTTT",chr14,65
101065598,101065667,"TTGAAGGGAGATCGACCGTGTTATATTCGCTTTATTGACTTCGAATAATACATGGTTGAT
CTTTTCTCAG",chr14,69
100911139,100911213,"AGACAGAGAAGCCAGGTCACGTCTCTGCAGTTACACAGCTCACGAGTGCCTGCTGGGGTG
GAACCTGGTCTGTCT",chr14,74
101040782,101040849,"TAAAAGGTAGATTCTCCTTCTATGAGTACATTATTTATGATTAATCATAGAGGAAAATCC
ACGTTTTC",chr14,67
101062050,101062118,"TTGAGCAGAGGTTGCCCTTGGTGAATTCGCTTTATTTATGTTGAATCACACAAAGGCAAC
TTTTGTTTG",chr14,68
101022066,101022132,"AGAGATGGTAGACTATGGAACGTAGGCGTTATGATTTCTGACCTATGTAACATGGTCCAC
TAACTCT",chr14,66
101025017,101025077,"AAGATGGTTGACCATAGAACATGCGCTATCTCTGTGTCGTATGTAATATGGTCCACATCT
T",chr14,60
101045920,101045994,"TACTTAAAGCGAGGTTGCCCTTTGTATATTCGGTTTATTGACATGGAATATACAAGGGCA
AGCTCTCTGTGAGTA",chr14,74
101054306,101054381,"TACTTGAAGAGAAGTTGTTCGTGGTGGATTCGCTTTACTTATGACGAATCATTCACGGAC
AACACTTTTTTCAGTA",chr14,75
100109655,100109753,"GAAACTGGGCTCAAGGTGAGGGGTGCTATCTGTGATTGAGGGACATGGTTAATGGAATTG
TCTCACACAGAAATCGCACCCGTCACCTTGGCCTACTTA",chr14,98
100874493,100874585,"GTAGTCAGTAGTTGGGGGGTGGGAACGGCTTCATACAGGAGTTGATGCACAGTTATCCAG
CTCCTATATGATGCCTTTCTTCATCCCCTTCAA",chr14,92
101025732,101025817,"TTGGTACTTGGAGAGAGGTGGTCCGTGGCGCGTTCGCTTTATTTATGGCGCACATTACAC
GGTCGACCTCTTTGCAGTATCTAATC",chr14,85
100307859,100307956,"ACCCAAACCCTAGGTCTGCTGACTCCTAGTCCAGGGCTCGTGATGGCTGGTGGGCCCTGA
ACGAGGGGTCTGGAGGCCTGGGTTTGAATATCGACAGC",chr14,97
100881007,100881120,"TCCTGCTTGTCCTGCGAGGTGTCTTGCAGGCCGTCATGCAGGCCACACTGACGGTAACGT
TGCAGGTCGTCTTGCAGGGCTTCTCGCAAGACGACATCCTCATCACCAACGACG",chr14,113
100881886,100881978,"CCGGGGAGAAGTACGGTGAGCCTGTCATTATTCAGAGAGGCTAGATCCTCTGTGTTGAGA
AGGATCATGATGGGCTCCTCGGTGTTCTCCAGG",chr14,92
101026785,101026864,"GGTACCTGAAGAGAGGTTTTCTGGGTTTCTGTTTCTTTAATGAGGACGAAACACACCTGG
TTAACCTCTTTTCCAGTATC",chr14,79
101027100,101027183,"GTGGTACCTGAAGAGAGGTTTTCTGGGTTTCTGTTTCTTTATTGAGGACGAAACACACCT
GGTTAACCTCTTTTCCAGTATCAA",chr14,83
101065300,101065378,"TGGTACTCGGGGAGAGGTTACCCGAGCAACTTTGCATCTGGACGACGAATGTTGCTCGGT
GAACCCCTTTTCGGTATCA",chr14,78
101065447,101065537,"CTGGGGTACGGGGATGGATGGTCGACCAGTTGGAAAGTAATTGTTTCTAATGTACTTCAC
CTGGTCCACTAGCCGTCCGTATCCGCTGCAG",chr14,90
101065912,101065991,"GGTACCTGAGAAGAGGTTGTCTGTGATGAGTTCGCTTTTATTAATGACGAATATAACACA
GATGGCCTGTTTTCAGTACC",chr14,79
101040436,101040535,"CAGTCCTTCTTTGGTATTTAAAACGTGGATATTCCTTCTATGTTTACGTGATTCCTGGTT
AATCATAGAGGAAAATCCATGTTTTCAGTATCAAATGCTG",chr14,99
101055419,101055491,"ACTTGGAGAGAGGCTGGCCGTGATGAATTCGATTCATCAAAGCGAGTCATACACGGCTCT
CCTCTCTTTTAGT",chr14,72
101052446,101052525,"GGTACTTGAAGAGTGGTTATCCCTGCTGTGTTCGCTTAATTTATGACGAATCATACAGGG
ACATCCAGTTTTTCAGTATC",chr14,79
100869060,100869148,"CTGGCCTCCAGGGCTTTGTACATGGTAGGCTTTCATTCATTCGTTTGCACATTCGGTGAA
GGTCTACTGTGTGCCAGGCCCTGTGCCAG",chr14,88
100884483,100884576,"TGACTCCTCCAGGTCTTGGAGTAGGTCATTGGGTGGATCCTCTATTTCCTTACGTGGGCC
ACTGGATGGCTCCTCCATGTCTTGGAGTAGATCA",chr14,93
101029634,101029714,"GATACTCGAAGGAGAGGTTGTCCGTGTTGTCTTCTCTTTATTTATGATGAAACATACACG
GGAAACCTCTTTTTTAGTATC",chr14,80
101033755,101033836,"TGGTACCTGAAAAGAAGTTGCCCATGTTATTTTCGCTTTATATGTGACGAAACAAACATG
GTGCACTTCTTTTTCGGTATCA",chr14,81
101060573,101060674,"CCCAAGTCAGGTACTCGAATGGAGGTTGTCCATGGTGTGTTCATTTTATTTATGATGAGT
ATTACATGGCCAATCTCCTTTCGGTACTCAATTCTTCTTGGG",chr14,101
101047321,101047398,"ATACTTGAGGAGAAATTATCCTTGGTGTGTTCGCTTTATTTATGATGAATCATACAAGGA
CAATTTCTTTTTGAGTAT",chr14,77
101048658,101048748,"ATTTTCATCACCTAGGGATCTTGTTAAAAAGCAGATTCTGATTCAGGGACCAAGATTCTG
CATTTTTAGCAAGTTCTCAAGTGATGCTAAT",chr14,90
101040069,101040148,"GGTATTTAAAAGGTAGATTTTCCTTCTATGGTTACGTGTTTGATGGTTAATCATAGAGGA
AAATCCACGTTTTCAGTATC",chr14,79
101046455,101046538,"TTGGTACTTGGAGAGTGGTTATCCCTGTCCTGTTCGTTTTGCTCATGTCGAATCGTACAG
GGTCATCCACTTTTTCAGTATCAA",chr14,83
31014646,31014742,"CACTTAGGTGTAATGCTATCTCAAGGTAATACCAATACCTTGTGTTTACCTTGGTTCCAC
TGAACACAAGGTACTGGTACTACCTTGAAACAGCATT",chr14,96
65471102,65471186,"AGGGTAGAGGGATGAGGGGGAAAGTTCTATAGTCCTGTAATTAGATCTCAGGACTATAGA
ACTTTCCCCCTCATCCCTCTGCCCT",chr14,84
101023325,101023420,"TGGTACTTGGAGAGATAGTAGACCGTATAGCGTACGCTTTATCTGTGACGTATGTAACAC
GGTCCACTAACCCTCAGTATCAAATCCATCCCCGAG",chr14,95
101040219,101040299,"GGGTAAGTGGAAAGATGGTGGGCCGCAGAACATGTGCTGAGTTCGTGCCATATGTCTGCT
GACCATCACCTTTAGAAGCCC",chr14,80
101049550,101049646,"AACTATGCAAGGATATTTGAGGAGAGGTTATCCGTGTTATGTTCGCTTCATTCATCATGA
ATAATACATGGTTAACCTCTTTTTGAATATCAGACTC",chr14,96
101066724,101066801,"CTGAAATAGGTTGCCTGTGAGGTGTTCACTTTCTATATGATGAATATTATACAGTCAACC
TCTTTCCGATATCGAATC",chr14,77
101026020,101026107,"GCCTGGATACATGAGATGGTTGACCAGAGAGCACACGCTTTATTTGTGCCGTTTGTGACC
TGGTCCACTAACCCTCAGTATCTAATGC",chr14,87
101055258,101055323,"GGTAAGTGCGCCTCGGGTGAGCATGCACTTAATGTGGGTGTATGTCACTCGGCTCGGCCC
ACTACC",chr14,65
100109419,100109514,"ACCCTGGGTTTGTTTGTCTAGACTGTGAGCTCCTCGAGGGCAGGTGTCTGTTTCTGTGTC
TCGGGAGCCCTGAAGAGAGACTGACACATCAGAGGT",chr14,95
101044198,101044283,"TTTGGTACTTAAAGAGAGGATACCCTTTGTATGTTCACTTGATTAATGGCGAATATACAG
GGGGAGACTCTCATTTGCGTATCAAA",chr14,85
101042977,101043062,"TTTGGTACTTGAAGAGAGGATACCCTTTGTATGTTCACTTGATTAATGGCGAATATACAG
GGGGAGACTCTTATTTGCGTATCAAA",chr14,85
100852390,100852487,"AGGAGCCACCTTCCGAGCCTCCAGTACCACGTGTCAGGGCCACATGAGCTGGGCCTCGTG
GGCCTGATGTGGTGCTGGGGCCTCAGGGGTCTGCTCTT",chr14,97
101041363,101041445,"TGCTACTTGAAGAGAGGTAATCCTTCACGCATTTGCTTTACTTGCAATGATTATACAAGG
GCAGACTCTCTCTGGGGAGCAAA",chr14,82
101064495,101064578,"ACGTCAGGGAAAGGATTCTGCTGTCGGTCCCACTCCAAAGTTCACAGAATGGGTGGTGGG
CACAGAATCTGGACTCTGCTTGTG",chr14,83
101047901,101047979,"GTGCTTAAAGAATGGCTGTCCGTAGTATGGTCTCTATATTTATGATGATTAATATCGGAC
AACCATTGTTTTAGTATCC",chr14,78
100875033,100875104,"TCTCCTCGAGGGGTCTCTGCCTCTACCCAGGACTCTTTCATGACCAGGAGGCTGAGGCCC
CTCACAGGCGGC",chr14,71
101031987,101032064,"TACTTAATGAGAAGTTGCCCGTGTTTTTTTCGCTTTATTTGTGACGAAACATTCGCGGTG
CACTTCTTTTTCAGTATC",chr14,77
23417987,23418063,"CTGCCCTCAGACAAACCTTTTGTTCGTCTTATATTCGGATCAGAAACATAATTCGAGCAA
AAAGCTTCCCTGAGAGG",chr14,76
101560287,101560422,"CGCCGCTCTCGGGGTCCGCGAAGGTGGCTCAGTTCGGGCGCTCCAGTCTCGACGTTCCCG
GGGTAGAGAGCAACGTCCGGGGACGAACGGGACGGGTGCGCCCAGCGGCCGGGGCTGCGC
TGGGCGAGGCAAGCGG",chr14,135
77266218,77266290,"ACCTTTCCAGCTCATCCCACCTCTGCCACCAAAACACTCATCGCGGGGTCAGAGGGAGTG
CCAAAAAAGGTAA",chr14,72
64095024,64095125,"TATCTGGCTTAATATTAGGTCAGTGCAAAAGTAATTCCAGTTTTTACCATTAAAAGTAAT
GACAAAAACCGCGATTACTTTTGCACCCACCTAATGGACAGA",chr14,101
101025564,101025651,"ACTTCCTGGTATTTGAAGATGCGGTTGACCATGGTGTGTACGCTTTATTTGTGACGTAGG
ACACATGGTCTACTTCTTCTCAATATCA",chr14,87
27633205,27633278,"CATATATAGATTTATGGAATCTATATATACACATATATATAGATATATACAGATTCCATA
CATCTCTATATATA",chr14,73
95137919,95137986,"TCCCTGGCCTGCCTATTTCCTCCTTTGTTCTCATAAAATCACAAAGGAGAAAACAGGCAG
GGCAGGGA",chr14,67
101030052,101030129,"GTAGCTGAGGGGATGGTAGACCGGTGACGTGCACTTCATTTACGATGTAGGTCACCCGTT
TGACTATCCACCAGCGCC",chr14,77
101056219,101056300,"TGGTACTCGGAGGGAGGTTGTCCGTGGTGAGTTCGCATTATTTAATGATGCCCAATACAC
GGTCGACCTCTTTTCGGTATCA",chr14,81
102539644,102539726,"TCTGGGGGTTCTGGAGTCTAGGATTCCAGGATCTGGGTTTTGAGGTCTTGGGTTGTAGGG
TCTGCGGTTTGAAGCCCCTCTTG",chr14,82
26908642,26908725,"TCAGAAGAAAAAACAGGAGATAAAGTTTGTGATAATGTTTGTCTATATAGTTATGAATGT
TTTTTCCTGTTTCCTTCAGGGCCA",chr14,83
54878113,54878193,"GGAAAAAGGTAAGAAGAAACTCCAGGGAAAGATTTCCTCAAAAGGAAATTTCTGTCCAAT
GGAGTTCCCTCTGAACCCATA",chr14,80
47760995,47761104,"CCCCCACAGTGAAGGTGTTACTAGGTTGGTGCAAAAGTAATCACGGTTTTTGCCACTGAG
AGTAATGGCAAAAACAGTGATTACTTTTGCACCAACCTAATAGTTTAGGC",chr14,109
36952309,36952391,"GCAATGTAGATATTTAAGCAGGAAATAGAAACAAATAGAAATTTATATGTAAATTCTATT
TCCTGCTTAAATATCTACATTGT",chr14,82
50299855,50299946,"TTAAGATAATATCCTCCATGTTCATCTCTATTGTCACAAATGGTCCATGCCACAAATGAC
AACAGAGATGAACCTGGAGGACATTATCTTAG",chr14,91
73758747,73758819,"GGAGGCTGGGCTGGGACGGACACCCGGCCTCCACTTTCTGTGGCAGGTACCTCCTCCATG
TCGGCCCGCCTTG",chr14,72
93948226,93948302,"AGACCACTTGCCTCAGACCACCCATTTCATAAAGATGGAGCCAAACTTGAACCCAGATGG
TCTGATGGCAGAGGCCA",chr14,76
100814491,100814574,"ATGGTCCCTCCCAATCCAGCCATTCCTCAGACCAGGTGGCTCCCGAGCCACCCCAGGCTG
TAGGATGGGGGTGAGAGGTGCTAG",chr14,83
105858124,105858175,ACCCAGCCCAGCCCAACCCAGCTCGGCTTAACCCAGCTCGGCTCAGCCCAGA,chr14,51
105859484,105859553,"GCTCAGCTCAGCTCAGCCCAGCTCAGCCCAGCCCTGGTTAGCTCAGCCCAGCTAAGCTCA
GCTCGGCTCA",chr14,69
105858165,105858242,"CTCAGCCCAGATCAGTCTGGCTCAACTCAGCCCAGCCCAGCTCAACCCAGCCCAGTTCAG
CCCAGCTCATCCAAGCTC",chr14,77
105857513,105857572,GCCCAGCTCAGCCCAGTTCAGCTCAGCCCTGCTCAGCACAGCACAGCAGAGCTCAGCTCA,chr14,59
65044688,65044769,"GCTACGGGGAGCGGGGAGGAAGTGGGCGCTGCTTCTGCGTTATCTGGAAGGAGCAGCCCA
CTCCTGTCCTGGGCTCTGTGGT",chr14,81
22956950,22957029,"GGTGCCGAGAACCTCGGCTGGGGCGGGCTGGCCAGCAGCGTCTACACCCCAGAACCCGCC
CGCGCCGGGGCTCCGGAACC",chr14,79
65335117,65335183,"TTTAGTATCAGAGAGATGCCGCCTTGCTCCTCCTGTTCAAGGAGCAAGGCGGCATCTCTC
TCCTAAA",chr14,66
74480133,74480204,"CTGCTACAGAGCACCTCCTCTTCAACGAATCACTGGATACCATTGGAGAGCAAGTCACTG
TTGTTGAAGCAG",chr14,71
104117418,104117503,"GCGCGCTGGGTCCAGTGGTTCTTAACAGTTCAACAGTTCTGTAGCGCAATTGTGAAATGT
TTAGGACCACTAGACCCGGCGGGCGC",chr14,85
104677694,104677749,GACGAAGAGGCGAGAGCTGCTTCGGGAAGAACCACCTGCCCTCACCCCACTCGGTC,chr14,55
106850885,106850999,"TGAACAACCTTGTAGAACACACAAGAGCCCCCTCAGAGAACTGGATGGGTCAGGTCTCCC
ATCCAGTTGCCTTAGGGGTTAGGAACGCTCCCATGTTGTTCTCTGGTTTTTGCTC",chr14,114
53948427,53948484,GTGCTGGCTCACTTCATATGTGTGAATTTTCTCAGCACACATATGAAATGAGCCAGCA,chr14,57
59646962,59647020,CTTTAACCAGCTTGTCACTCTGTGCCCCATTTAAAAAGCATATAGTAACAAGCTGGATA,chr14,58
67441855,67441930,"GCCAAGTGCGGATCATGGGACTTCTCAGCCTTCAGATACATATGGGGCTGAGACAGTCCC
ATGATCTGCAGTTGGC",chr14,75
49966399,49966511,"AGCATGACAGAGGAGAGGTGGAGGTAGGCGAGAGTAATATAATTTCTCCAGGAGAACATC
TGAGAGGGGAAGTTGCTTTCCTGCCCTGGCCCTTTCACCCTCCTGAGTTTGGG",chr14,112
21023314,21023386,"ATGGTGGCCTGGCAGGATGAGGAAATGAGACTGGGAAGTTGTCTCTACATCCCCACATCG
CCTCAAACACCAG",chr14,72
100277357,100277417,"CTGACTCCCAGGGTCTGGTCAGAGTTGCTGAGTGGGTTGATCTCTGGTCTTTCCTTGACA
G",chr14,60
105150778,105150864,"CTGGGCGGGCCAGCCAGGTGAGCGTCCCGCAGGCACCCTGACGGCCCCGCAGCACCCACG
CCACACACCCTCCTGGCCCCGCCTCAC",chr14,86
24143489,24143565,"CCTGGGAGAAGGCCAGAGTGCAAGAGTCAGGTTCTTAGCCAATCCCCTGCCTGCCCCCAC
TCATCCACCTCCCCTAA",chr14,76
72516820,72516898,"GTAGACAGGATGAGGGCAGAGCCAGCTTCCTGATCTGATGGAAGTCATGAAGCCTTCTCT
GCCTTACGCTTGGCTCTGC",chr14,78
64785626,64785686,"GCCTGGAAAGGAAGCCAAAAGCACAGTCACAATAGTGCCGAGCTTGGGGTCCTCACCAAG
C",chr14,60
105621116,105621180,"CGGCCACATGGCCCAGGCTCTTCTCCGAGTGATCTCGGTGGACTGGAGTGGGTGGTAGGT
GGCAG",chr14,64
105640168,105640232,"CGGCCACATGGCCCAGGCTCTTCTCCGAGTGATCTCGGTGGACTGGAGTGGGTGGTAGGT
GGCAG",chr14,64
60648648,60648711,"GCCCGGTCTCTTTGCCTCCGGTTCTTAAACCAGTTGCTGACCTGGGTGGTGGTGAGGCCG
GTGG",chr14,63
104865314,104865411,"TGGGCTCGGCCCGGGCTGCCACGAGCGTGCGGGCCTCGCCGGGCATGTCCTAGGCGGCGG
CCCCGCCCAGCGCTCGGCCGGGCGGGCGGGCGGGCGCG",chr14,97
88611825,88611934,"CTGGATACAGAGTGGACCGGCTGGCCCCATCTGGAAGACTAGTGATTTTGTTGTTGTCTT
ACTGCGCTCAACAACAAATCCCAGTCTACCTAATGGTGCCAGCCATCGCA",chr15,109
31065032,31065141,"CTCCGTGCTGTGGGAAGTGACAACTGAGCACCCCTTTGCTGTCCCTGCCCTGCTCAGAGC
CCTAGGCGAAGGATGACAAAGGGAAGCCCACAAGTCACATGGCCAGGTGA",chr15,109
89368017,89368106,"GGAGGCCCGTTTCTCTCTTTGGTTATCTAGCTGTATGAGTGCCACAGAGCCGTCATAAAG
CTAGATAACCGAAAGTAGAAATGATTCTCA",chr15,89
79209788,79209871,"CCAGTCACGTCCCCTTATCACTTTTCCAGCCCAGCTTTGTGACTGTAAGTGTTGGACGGA
GAACTGATAAGGGTAGGTGATTGA",chr15,83
62823957,62824041,"TGCAGGCCTCTGTGTGATATGTTTGATATATTAGGTTGTTATTTAATCCAACTATATATC
AAACATATTCCTACAGTGTCTTGCC",chr15,84
63870930,63871019,"CCAGGGAGGACAAAGCTTGGCTCAGGGACAGAGAGCCCATCTGCAGCAGAGAGACTCAGG
CCTTCTGACCCTAAGTCCAGTGCTTCTCTC",chr15,89
41691585,41691678,"ACTGATATATTTGTCTTATTTGAGAGCTGAGGAGTATTTTTATGCAATCTGAATGATCTC
AGCTGTCTGAAAATGTCTTCAATTTTAAAGGCTT",chr15,93
42199570,42199666,"TAGTAGTATTTCTTATTATTGGTAGTGAGTCTCAAAGAAAAGAGGAGGAAAACAACCACC
TCCTCTTTTCTTAGAGACTCACTACCAGTAATAAGTA",chr15,96
55372940,55373034,"ATGAGCCCTTCCCTTCGACTGCCACTCTTACTAGAAGGTTATTAATTTTACCCTCTAGTA
AATATGTCAGCATGAGGAAGTGACACAACAGCTAT",chr15,94
70079372,70079468,"AGGCAGAGGGGAGGGGCTGGGCTTACGTTGGGAGAACCTCCTGGTTCACCGTAAAAGTTC
TCCCAACGTAAACCCAGCCCCTCCCCTGGGAAAGGGA",chr15,96
72587217,72587313,"AACTTAACATCATGCTACCTCTTTGTATCATATTTTGTTATTCTGGTCACAGAATGACCT
AGTATTCTGTACCAGGGAAGGTAGTTCTTAACTATAT",chr15,96
75353611,75353685,"GGAGAGTGTGGCCCCTGACTCAGTCCATCAGCTTGTGTAGCTGAGGTCTGGGCCAGGTCT
AACCAGGCTCCCCAC",chr15,74
80841978,80842073,"GCCTGGGATATATTAAGAGCTCATCCATAGTTGTCACTGATTTGAGACAGTGACAACTAT
GGATGAGCTCTCAATATATTCTTGAGTTGCATGTCT",chr15,95
45433050,45433129,"TATAAATCTAGTGGAAACATTTCTGCACAAACTAGATTCTGGACACCAGTGTGCGGAAAT
GCTTCTGCTACATTTTTAGG",chr15,79
88608107,88608197,"GGCTGGAAAGGAAGAAGCATTCTTTCATTGGTTGGTGTGTATTGCCTTGTCAACCAATAA
GAGGATGCCATTTATCCTTTTCTGACTAGCT",chr15,90
34382069,34382150,"CTGCGGGAGGACAGGGCTCAGACGCTGGGGCCCCTCCCATAGCCCTGCAGCTCCCCCTGC
CGTGCCCTGGCCTCCCACTCAC",chr15,81
52277117,52277200,"TGACATGCTCAGTGTCCCTCAGGGCATAGAACAGGGCTTTAGTAATCCCAGCCCTGTTCT
ACAGCCCTGAGGGACACTACCTGT",chr15,83
22225278,22225329,CTCAGCCTCCAAAGTAGCTGGGACCACAGGCCCCCACCACCACGCCCGGCTA,chr15,51
64762387,64762515,"TACCAGCCCAGACCACAGAGCACACGAGCTGCAGCCTACATTTCTAAGTTTACGGCTTTC
CTGTTATAAAGACACTGAGCACGTTTTCAGAATTTGCTGCCATCATCATCGCACCCAGAT
CTGATCTGG",chr15,128
85770496,85770578,"AGCCGCCATCAAGGCCCAAGTGCTCAGTGGAGACATGTTCTCTGAATCCAGGTGTCTCCA
CAGGGCTCTTTACCTAGCTGGGG",chr15,82
43793659,43793759,"GTCCTTTTTGCCCTCTGGTACCTCCCAGTGCCCCATCATCTCTACCCCCAGGGACTCGGA
GATCATGCAGCAGAAGCAGAAAAAGGCAAACGAGAAGAAGG",chr15,100
96333261,96333307,CTCGGCGCGGGGCGCGGGCTCCGGGTTGGGGCGAGCCAACGCCGGGG,chr15,46
59171183,59171262,"TCCTAGTCTGGGAGTTCTTGGCATGGGAGGACTTCTTAGCATGGGAAGACCTCCTATGCT
AAGAACCCCTAGCCTAGGTC",chr15,79
20832795,20832869,"CATACTACAATAATTTTCATAATGCAATCACACACAATCACCGTGTGACTGCATTATGAA
AATTCTTCTAGTGTG",chr15,74
21406385,21406459,"CATACTACAATAATTTTCATAATGCAATCACACACAATCACCGTGTGACTGCATTATGAA
AATTCTTCTAGTGTG",chr15,74
21843750,21843824,"CATACTACAATAATTTTCATAATGCAATCACACACAATCACCGTGTGACTGCATTATGAA
AATTCTTCTAGTGTG",chr15,74
90006755,90006841,"GTTACCTGGTAGTGAGTTAGAGATGCAGAGCCCTGGGCTCCTCAGCAAACCTACTGGATC
TGCATTTTAATTCACATGCATGGTAAT",chr15,86
92904399,92904475,"CCTGGGGGGCGGGGAGAGAACGCAGTGACGTCTGGCCGCGTGCGCATGTCGGGCGCTTTC
TCCTCCCCCTACCCAGG",chr15,76
41866495,41866551,TGGTGGGGGTGGGACATGAATGCTGCAATGTTCTGCAGCCTCAGGCCCCAGACGCCA,chr15,56
66040233,66040332,"TCAGAGAGGGGAAAGAGAGCTGAGTGTGACCTGGAGCAGCTCAGGAGGGCTTCCTGGGTG
AGGTGGCAGGTTACAGGTTCGATCTTTGGCCCTCAGATTC",chr15,99
68801850,68801925,"CTCTGAGGAATGGGGACAGGAACAAGGCCTGACTCCTCTGGGGAAGGCTCCTTGCTCTCT
GTGCCCCCAACCTTTC",chr15,75
75762215,75762315,"AGCAGGCCCCTTTACACCCCTGATTCCCCCACCCAAGCCCAGCATCTCCTCATCCTCCAG
CTGGGGCTGCAGGGTTTGGGGCCAGGGGGCTGGGCCTGATC",chr15,100
34528290,34528371,"CTGCGGGAGGACAGGGCTCAGACGCTGGGGCCCCTCCCATAGCCCTGCAGCTCCCCCTGC
CGTGCCCTGGCCTCCCACTCAC",chr15,81
101960459,101960596,"TAAAATGCTTAATTCTGAATCTCAGATAAACAACCAATAATGTTTTTTAGCATAAGTATG
TCCCAAACTAAGCTTGGGACATATTTATGCTACGAAATTATTCGTTGTTTATCTAAAATT
CAAACTAGCTGGGCATCC",chr15,137
35372256,35372364,"GTCAGTGAATATGACACTTCAAAGATGTAATACTGTTATCTGAAATACTGTTATCTTCGC
AGCCTATTTCAGGTAACAGTATTGCTTCTTTGAGGTGTCATACTGAAGA",chr15,108
23562062,23562131,"CGGCCCTTGCAGCTGCCGGCGCAGGCGCTGCACCCAGCGCTGCTCCGCGCGCCCAGCCCC
GCTGGGTCCT",chr15,69
23197827,23197920,"CTTTAATACTATCTCAAACTAAAGGATATAGAAGGTTTTCCCTTTCTCTTGCCCTGAAAC
CTTCTGTATCCTTTATTTTGAGATAGTATTAGAA",chr15,93
28426491,28426584,"CTTTAATACTATCTCAAACTAAAGGATATAGAAGGTTTTCCCTTTCTCTTGCCCTGAAAC
CTTCTGTATCCTTTATTTTGAGATAGTATTAGAA",chr15,93
28490752,28490845,"TTCTAATACTATCTCAAAATAAAGGATACAGAAGGTTTCAGGGCAAGAGAAAGGGAAAAC
CTTCTATATCCTTTAGTTTGAGATAGTATTAAAG",chr15,93
35926856,35926923,"GTGTATGTGAGGGAGTAGGATGTATGGTTGTTAGATAGACAACTACAATCTTTTCTCACA
ACAGACAG",chr15,67
65719246,65719332,"TAAAAAAAGGGAAAGAAGAACTATTGCATTTACCCTGTGCAAACTGAGTGCAGGGCAAAT
GCAACAGTTCTTCTTTCCCTTTTTTTT",chr15,86
66496958,66497034,"TCCAGCCTGGGCGATACAGTGAGGCCCTGTCTCAATTTTTTGTAGAGACGAGGTCTCACT
ATATTGCCCGGGCTGAG",chr15,76
74788672,74788757,"GTTCTGAAGTGGGGAGACCAGAAATCTGGGGGCCGAAGTTTTAGACAGCTTATGGGCCTC
CAGCCGTCAGTCTCCCCACCTAGAAT",chr15,85
80997417,80997473,TCTAAAACAGGCAAGAGACGAGGTAAAAGATGTTTCCCCAATCCTGCCTGTCTCAAC,chr15,56
83067335,83067415,"GCGGGAGGTGTAACAGGACTGGACTCCCGGCAGCCCCAGGGCAGGGGCGTGGGGAGCTGG
TCCTAGCTCAGCGCTCCCGGA",chr15,80
50360329,50360410,"GACAGGATTCCAGTACAGGTCTCTCATTTCCTTCATGATTAGGAATACTACTTTGAAATG
AGAGACCTGTACTGTATCTGTT",chr15,81
51242190,51242264,"GTCCCCATTTTTCTCCCACTACCAGGCTCCCATAAGGGTCGAATGGGATCCAGACAGTGG
GAGAAAAATGGGGAC",chr15,74
98784426,98784502,"ATTTTGGCCAACTCTGACCCCTTAGGTTGATGTCAGAATGAGGTGTACCAACCTAGGTGG
TCAGAGTTGGCCAAAAT",chr15,76
25848747,25848825,"GGGGAATTAGAATTGGCTGCAGTTAAGGTGGCACCATCAGCTGATTAGCCACCTTAACTG
CAGCCAACTTTCATTCCCC",chr15,78
49169070,49169153,"CACACTTTGTCTCCATGTTTCCTTCCCCCTTCCTCCTGTATACATGTATACAGAAGGGGG
AAGGAAACATGGAGACAAAGTATG",chr15,83
88611847,88611924,"GGCCCCATCTGGAAGACTAGTGATTTTGTTGTTGTCTTACTGCGCTCAACAACAAATCCC
AGTCTACCTAATGGTGCC",chr15,77
85825635,85825730,"ACCAATTCCTAGGTTGGTGCAAAAGTAATTGCGGTCTTTGTCATTAAAACCAATAACAAA
AACCACAATTACTTTTTACTGACCTAAAGATTAATT",chr15,95
89883931,89884030,"CTTATTGGTCATTTCAGGTTTTGGACTTTCAGATTTAGGATAAGTATAATGCAAATATCC
CCAAATCTGAAAAAGTCCAAAATCCAAAACACTTCTGGTC",chr15,99
89850637,89850721,"AGTTGAATGTTTCAGTGAGCCCACTGTACCTACCACATAAAAGGCAGTGTGTTAGGTTCA
AGGCATTCACTGATTTTTTTCTTTT",chr15,84
80581103,80581239,"AGCCAGACAAGAGGGTCATGGGGAGTCACTGTCAACCCAGAGCAGGCACTGCCCCTGCGA
CCAGCCTGGGGCATCGGTTGGGGTGCAGGGGTCTGCTGGTGATGCTTTCCATCTCTTTGC
TTTGTCCTGATTGTAGC",chr15,136
20940252,20940333,"GATTGGACTTTATTGTCACGTTCTGATTGGTTAGCCTAAGACTTGTTCTGATCCAATCAG
AACATGAAAATAACGTCCAATC",chr15,81
21513959,21514040,"GATTGGACTTTATTGTCACGTTCTGATTGGTTAGCCTAAGACTTGTTCTGATCCAATCAG
AACATGAAAATAACGTCCAATC",chr15,81
62343029,62343138,"GTCTACCAGGTGTGGGCCCAGCTTTACATAGTTCATGCTGAGGCCGGGATTTCATGCAGA
AAACTGGTTGCAAAAGGTGCTGAAGGGGCTGGGGGAGCACAAGGGAGAAG",chr15,109
89326739,89326810,"CTGTGAGGGTGGGGGAAGACAATCAGGAGCAGGAGAAGGAACTCTCAATAAGATCTGCTC
CCACCCGCTCAT",chr15,71
74411357,74411432,"CTGGAGTGGGAAGGACGAAAGAGGATCAGCAGATACAAGGCTGCAGACCTGACCCTCCTA
TCCTTACCCCAGTGCA",chr15,75
74840642,74840707,"CTGCAGGCAAGAGGAGAGGCAGCAGGGCTTGAATTCCAGCTGCTTCAGCTCCTGACTTGT
AAAGCC",chr15,65
85380596,85380662,"TGGAGCTGTGTGCAGGGCCAGCGCGGAGCCCGAGCAGCCGCGGTGAAGCGCCTGTGCTCT
GCCGAGA",chr15,66
51314034,51314109,"TGTGACCCTAGAATAATTACCCAACGTCTCTGAGTCTCGGTTTTGAGAGGGTGAGTAATT
ATTCTAGGGTCACACA",chr15,75
51314032,51314107,"TGTGTGACCCTAGAATAATTACCCAACGTCTCTGAGTCTCGGTTTTGAGAGGGTGAGTAA
TTATTCTAGGGTCACA",chr15,75
36972821,36972901,"AAAAGCAGTAAAGCCCCGACTCCTGATTTTGAAACCAATTTCTCATATCAAAAGTCTACA
CATCTGTTGAAACTGCCTCTA",chr15,80
62304658,62304734,"GGCTGAAAGTCTCAAGAAAGACTGTGCACTCAGGATCATCTTTATGACTAAGTTTACAGT
TTCTAGGAAACACAGAA",chr15,76
101973524,101973591,"TGTGGGAGAGGAACATGGGCTCAGGACAGCGGGTGTCAGCTTGCCTGACCCCCATGTCGC
CTCTGTAG",chr15,67
21951242,21951323,"GATTGGACTTTATTGTCACGTTCTGATTGGTTAGCCTAAGACTTGTTCTGATCCAATCAG
AACATGAAAATAACGTCCAATC",chr15,81
44717844,44717893,AGAATTCTCTTATCCAACATCAACATCTTGGTCAGATTTGAACTCTTCAA,chr15,49
87946206,87946268,"ACCATGCCTGACCTCCTCCTCCTTCAGAGGCCAAAACAGTTTGCGGGAGGAGGTTGGTCA
GAC",chr15,62
73299910,73299979,"TGTGGATATTCTTTTTTGATACTACAGCAAAACTCAGCAAGTTGTAGTTTTTTAAAGGTT
TGTTTGTAAA",chr15,69
56858518,56858601,"TTTTTGCTAAGTAGGCCTATAGGCAGTTGATCCTAAAGAAGTTTCAATCATGATGTCCCT
TTTTATTTTATTGCTTTTATGGAC",chr16,83
218402646,218402722,"CCGGGACCCAGTTCAAGTAATTCAGGATAGGTTGTGTGCTGTCCAGCCTGTTCTCCATTA
CTTGGCTCGGGGACCGG",chr2,76
176150303,176150412,"CCAGAGGTTGTAACGTTGTCTATATATACCCTGTAGAACCGAATTTGTGTGGTATCCGTA
TAGTCACAGATTCGATTCTAGGGGAATATATGGTCGATGCAAAAACTTCA",chr2,109
55988950,55989059,"TCGTGAGGGCTAGGAAATTGCTCTGTTTAGCATAATCCCAGAGACCACTGTGAGGGATTG
TATGAACATCTCACAGTTGCCAGCTGAGATTAAGCCAACTCACAGCCATC",chr2,109
55982967,55983076,"CTTGTTTAGATGCTGAAGGCAATGCATTAGGAACTGATGGTGACTGATTCTTATCCAATC
AGTTCCTGATGCAGTATCTGCGACATCAAAAACTATGTAATAATTATACT",chr2,109
135665397,135665478,"TGAGCTGTTGGATTCGGGGCCGTAGCACTGTCTGAGAGGTTTACATTTCTCACAGTGAAC
CGGTCTCTTTTTCAGCTGCTTC",chr2,81
219294111,219294200,"GCCACACCTGCCAATGATCACTTTTGTGACTATGCAACTGGAGTGAGAATACTAGCTGCA
GATCACAAAAATGACACTGGCAGCTGTGAG",chr2,89
240456001,240456089,"GCCGGCGCCCGAGCTCTGGCTCCGTGTCTTCACTCCCGTGCTTGTCCGAGGAGGGAGGGA
GGGACGGGGGCTGTGCTGGGGCAGCTGGA",chr2,88
219001645,219001708,"GCCTCACGCGAGCCGAACGAACAAAACGCTCAGGTCCGGTTTGTGCGAGGGGCTCGTCGC
GGGG",chr2,63
32532153,32532246,"GTGTGTGTGTGTGTGTGTGGTTATTTTGGTATAGTAGCTCTAGACTCTATTATAGTTTCC
TGAGCTGCTGTACCAAAATACCACAAACGGGCTG",chr2,93
47377675,47377770,"GCTCCAGTAACATCTTAAAGTAAATATGCACCAAAATTACTTTTGGTAAATACAGTTTTG
GTGCATATTTACTTTAGGATGTTACTGGAGCTCCCA",chr2,95
188297492,188297588,"CTTCATCCACCAGTCCTCCAGGAACATCAAGGATCTTAAACTTTGCCAGAGCTACAAAGG
CAAAGTTTAAGATCCTTGAAGTTCCTGGGGGAACCAT",chr2,96
232172653,232172747,"AGTGAAATTGCTAGGTCATATGGTCAGTCTACTTTTAGAGTAATTGTGAAACTGTTTTTC
AAAGTAGCTGTACCATTTGCACTCCCTGTGGCAAT",chr2,94
25328640,25328721,"GAGGACTGTGTGAAGTCACTCCCAGGCAGCTGCAACATCCCCAGCACAGTGCTGCGGTGC
CTAGAGCGACCCCCCACAATCC",chr2,81
56000714,56000795,"TGTCAGACTGTAGAATCTCTACGGGTAAGTGTGTGATTTCCTCAGTGACATCACATTTGC
CTGCAGAGATTTTCCAGTCTGC",chr2,81
175167633,175167709,"ACTGTGGGTGGGAGAGGTCTCCCTGCGCACACGGCTGACTCGACGCGCGCCCCGAGGACC
TCTGAACTGACCCAAGT",chr2,76
132256966,132257080,"GAAACCTCAGGCACGGCCGGGCCACCAGGAAAACACGGCCACGGGATCCCACCGCCACAG
ACAGGAGGGAGGTACCGCAGCGACCCGCCTAGGATGCCGGACGGCCCTCGGCACC",chr2,114
70252918,70253005,"TCTTTGTAGAGACGGAGGTCTCACTTTGTTGCCCAGATTGGTCTCAAATTGCTGGGCTCA
AGTGATGCACCAGCCTCGGCCTCCCAAA",chr2,87
113582959,113583096,"TAAAATGCTTAATTTTGAATCTCAGATAAACAACCAATAATGTTTTTTAGCATAAGTATG
TCCCAAACTAAGCTTGGGAAATATTTATGCTACGAAATTATTCGTTGTTTATCTAAAATT
CAAACTAGCTGGGCATCC",chr2,137
207269275,207269424,"AAAATACAGGATGTCCAGTTGAATTTGAATTTCAGATGAAACACAAATAATATTTTAGCA
TAAGTATGTCCCAAATGTTGCATGGAGACATACTTATTCTAAGAAAAATTTGTTTATCTG
AAATTCAAATTTTAGCTGTGCTTCTGCATT",chr2,149
212426263,212426360,"ACTAAAATATTAGGTTGGTGCAAAAGTAATTACAGTTTTTGCCATTAAAAGTAATGATAA
AAACTGCAATTATGTTCGCACCAACCTAATAGTTATTA",chr2,97
231713314,231713398,"ATCTTATTCCGAGCATTCCAGTAACTTTTTTGTGTATGTACTTAGCTGTACTATAAGTAG
TTGGTTTGTATGAGATGGTTAAAAA",chr2,84
188978092,188978161,"ATTTATGTATAGGCCTTTAGATCATCTGATGTTGAATACTCTTTAAGTGATCTAAAGGCC
TACATATAAA",chr2,69
176600980,176601052,"ATTGCTAGCCTATGGATTGATTTCCTTTGGGTCAGGTGTCCACTCCTGCTCCAAAAATCC
ATTCAAGGATACA",chr2,72
179860836,179860908,"TCCTGTGGCTTCCACGACCTAATCCTAACTCCAGGGACTCGCAGGAGTTAGGATTAGGTC
GTGGAAGCCACAG",chr2,72
231892242,231892298,GCCCCTCAAATTAGAGCCAGCTGTGCTCCGCCTCTACACCTGGCTCCACACGCGGGC,chr2,56
11767444,11767525,"TTGCTGCAAAAATAATTGCAGTTTTTGCCATTATTTTTAATAATTATAATAATGGCCAAA
ACTGCAGTTATTTTTGCACCAA",chr2,81
12737367,12737444,"GAGAATGGGTAGAGGAAGCTGTGGAGAGAACTCACGGTGCCTGTGGTTCGAGATCCCCGC
CTTCCTCCTCCTTTCCTC",chr2,77
69103682,69103755,"ATGATTATATGAGGGACAGATGCCAGAAGCACTGGTTATGATTTGCATCTGGCATCCGTC
ACACAGATAATTAT",chr2,73
96798278,96798353,"GGCCAGGCCCATCAGGGCTTGTGGAATGGGAAGGAGAAGGGACGCTTCCCCTTCTGCAGG
CCTGCTGGGTGTGGCT",chr2,75
177255945,177256010,"TTCCTATTGCAAGTAAAAAACTCTCATTTTTTAAGGAAAATGAGAGTTTTTTACTTGCCA
GAGGAA",chr2,65
189133036,189133111,"GCTCTTGGGCAGCAGTGTAGAGATTAGTTTGAATTCATTAACAGGCAAACCAATCTCTAC
ACTACTGCCCAAGTAC",chr2,75
206783234,206783308,"CTTGTCATGTCTTACCCAGTCTCCGGTGCAGCCTTGACAACAGGCTGCACCGGAGACTGG
GTAAGACATGACAAG",chr2,74
219058688,219058750,"GAGAAGAAGCTGGGGCCAGGGCCTTGGTCTGAGGGGAAAGGCCCTTCCACCAGTCCTCGA
CTC",chr2,62
219549073,219549147,"GGTGGGATGAGAGAGGGAGGGCTCAAGGGAAACAAGGCGCACCGTCCTCTGAGCTCCTTC
TCTACCCATCCCACC",chr2,74
241477905,241477982,"CAGAAATTGTAAAGAACTCTTAAAACCCAATAGTAAAAAGACAACCTGTTGAGTTTTAAG
AGTTCTTTATATATTCTG",chr2,77
10192614,10192671,GCTGGTCTCCTGGGTCCCTGTTTCCTGTCTCAGGAACTGGGAGGAACCCACTTCCACC,chr2,57
109141490,109141588,"CCAGGCCCAGCCCAGAGCTGAGCCCACAGCTGCAGAGATCACCAGTCCCCAGGCTGACCA
ATTCTTTACAGGTGTAGGCTGAAGCTCCAACCCACTGCA",chr2,98
109313571,109313625,GACTGTCCTTGGCCAAGGCCTCCTAGCCTTGAGTAGGGGCCCCGGCCAGCAGTGG,chr2,54
110069961,110070042,"GGAGATGTGGGCTCCATGCAGGGATGACAGAGGCTGGGGTCTGGAGCCTTCCCCCAGTGC
CACCGAGCTGGAGCCTGCTGAG",chr2,81
11836933,11836986,GGCTCTGCTGCAGGTAGTCTGAATGTCCCCCCAACATCAGCACCTGCAGCTTTC,chr2,53
207109987,207110073,"GTCAGCAGTATTATCTCCAAACAGCAAGGACAATGCCATACGATTATAATAGCATATTGT
CCATTGTATCTGGGGATGACACGTCTG",chr2,86
219906502,219906565,"CAGGTGACATCACATCCTGAGAGGAGGAGCCGCTAGGGCAAAACCTCTAGAACCTGATGT
GCAT",chr2,63
239305462,239305545,"ACAGCGCCCTGCAGGCACAGACAGCCCTGGCTTCTGCCTCTTTCTTTGTGGAAGCCACTC
TGTCAGGCCTGGGATGGAGGGGCA",chr2,83
27996367,27996449,"ATAGTGCTCTTCAGGGTTTTACTTGGGAGATTGGAGTGGCCAGTGTTCCTAAACAATTCT
AAGTGCCTTGGCCCACAACATAC",chr2,82
79649294,79649359,"CTATGCAGTCTTACCCAGTACCTGTCACTATCATGTTACAATGACCATGACTGAGTATCC
AGCTTT",chr2,65
188995630,188995692,"TTGTTGCTATCTAGGTTAGTGAAGGCTATTTTAATTTTTTTAAAATTTCTTTCACTACTT
AGG",chr2,62
134127125,134127192,"CGTGGTGAGGATATGGCAGGGAAGGGGAGTTTCCCTCTATTCCCTTCCCCCCAGTAATCT
TCATCATG",chr2,67
12199130,12199201,"ACTTCCAGTAGTGGATGATGCACTCTGTGCAGGGCCAACTGTGCACACAGTGCTTCATCC
ACTACTGGAAGT",chr2,71
53849122,53849205,"TAAGTTATATATTTCTACCTCCACCTGTATCATCATGACACCTTTATTATGATAACACAG
GTAGAAGTAGACATATATAACTTA",chr2,83
11540605,11540677,"TGGGCCAGGCAGTCTGAGTTGGAGAGACAAACAAATTAGACACCAGTCGCCTCTCAGCCC
AGCTTTTCTCCCT",chr2,72
33418516,33418564,GTGAGGCTGGAGTGAGCGGAGATCGTACCACTGCACTCCAACCTGGTGA,chr2,48
35471405,35471486,"CTGTTAGGTTGGTGCAAAAGTAATTGTGGTTTTTGAAAGTAACTTGGCGAAAACGACAAT
GACTTTTGCACCAATCTAATAC",chr2,81
52702522,52702615,"GGGTTAATGACTCTGACAACTAGAAAGTTCAATATTGGGCATTGGGTGAGAAATGCCCAG
TCATAAACCTTCTAGTTTTCAGAGTCGCAAACCA",chr2,93
60387362,60387445,"AGGCATCTTGCAGAGTCTTTCCAAGGTGACATTCTAGGGGATGACACTCTAGAGGTGTCG
CATTGGAACGGCTCTGCAAGATGC",chr2,83
64340759,64340839,"CATCCTCCTTACGTCCCACCCCCCACTCCTGTTTCTGGTGAAATATTCAAACAGGAGTGG
GGGTGGGACATAAGGAGGATA",chr2,80
64525513,64525565,TCACTTTAGGAGAAGTAAAGTAGAACTTTGGTTTTCAACTTTTCCTACAGTGT,chr2,52
87629755,87629834,"AGGCAGCAAATGGCCAGAGCTCACACAGAGGGATGAGTGCACTTCACCTGCAGTGTGACT
CAGCAGGCCAACAGATGCTA",chr2,79
88812370,88812454,"GCCTCACTTTTCCACTTATGCCTGCCCTGCCCCTCGAATCTGCTCCACGATTTGGGCAGG
ACAGGCAGAAGTGGATAAGTGAGGA",chr2,84
111321013,111321086,"AGCATCTGTTGGCCTGCTGAGTCACACTGCAGGTGAAGTGCACTCATCCCTCTGTGTGAG
CTCTGGCCATTTGC",chr2,73
181305593,181305652,AACCTTTGTACCCTGAGCCCACAAGGGTCATCCCCTCCTTGTGGACCCAATGCACAAAGT,chr2,59
184378975,184379044,"GCAGTTTTTGCCATTAAGTTGCGGTTTTTGCCATTATAATGGCAAAAACTGCAATTACTT
TCACACCTGC",chr2,69
213758067,213758159,"TAAGTGTAAACTTAAGGACTGTCTTTTCTAAGCCTGTGCCTTGCCTTTCCTTTGGCACAG
GCTTAGAAAAGACAGTCTTTAAGTTTACACTTC",chr2,92
225010461,225010540,"TGGCCTGGTAAACTGATACCTTAGAGGCATTTGCTTTGTGTGTATCTTAGATAAAATGCC
TCCAAGGTATCAGTCACTGG",chr2,79
239068817,239068914,"ATCTTCACAGTGCAAGCCAGCAAGCCCCACGACACTTGCTTGGTGAGAGGGAGTCACGGT
GCAAGCCAGCAAGCCCCACTGCACTTGCTTGGTGAGAG",chr2,97
239085827,239085926,"GTACAATCTCCTCCCTGTACACGAAGGAGACTCTGCTCTAACATGCGGATCTGACTATCT
CTCACGTACAGTCTCCTCCCTGTACACGAAGGAGACTCTG",chr2,99
177212726,177212799,"GTGACGACTGGCCCCGCCTCTTCCTCTCGGTCCCATATTGAACTCGAGTTGGAAGAGGCG
AGTCCGGTCTCAAA",chr2,73
19348429,19348505,"TTCCAGCCCGAGGCCTCTGTGACGTCACGGTGTCTGCGGGAGGAGACCATGACGTCACAG
AGGCTTCGCGCTCTGAG",chr2,76
32635255,32635331,"TGGTGATTTTGAACGTAGCTATCCACCACTCAGCCTGGAAAAAGCTGAGTGATTGATAGC
TATGTTCAAAATCACCA",chr2,76
87194786,87194859,"GCTCTAGCCTAATTTTAGATCTGGTCTGCTTCAGTTTCACTCCAAGCAGACTTGACCTAC
AATTAGCCTAGAGC",chr2,73
111771061,111771134,"GCTCTAGGCTAATTGTAGGTCAAGTCTGCTTGGAGTGAAACTGAAGCAGACCAGATCTAA
AATTAGGCTAGAGC",chr2,73
102432289,102432366,"GTGATTGCCTCTGATCAGGCAAAATTGCAGACTGTCTTCCCAAATAGCCTGCAACTTTGC
CTGATCAGAGGCAGTCAC",chr2,77
151368334,151368411,"TGCTCCCCAGCCTTTCTATGCTCCTGTTCTGCTTTATTTCATCAAAGCAGAACAGGAGCA
TAGAAAGGCTGGGGAGCA",chr2,77
168582943,168583018,"TATATTGTTGTCTGGTATGTAGTAGGTAATAACTGACAAACAGACAATTGCCTAACATGT
GCCAGAAAACAACATA",chr2,75
207754807,207754881,"ATTAAGCTTTTAATTTTTTGTTTCGGTCACTCTTGATAGCAGACATTGACTGAAACAAAA
AATTAAAAGCTTTAT",chr2,74
212926257,212926336,"CTATATGCAGTGGACCAGGATGGCAAGGGCTCTCCTGAAAGGACAGTAGAGCCCTTGCCA
TCCTGGTCCACTGCATATAG",chr2,79
231362708,231362793,"TAGAATATTTCGGCATTCTAGATGAGAGATATATATATACCTCATATGTATATGGTATAC
CTCATCTAGAATGCTGTAATATTCTA",chr2,85
66358249,66358328,"CCACATATTCAACTCTGCAAAGGAAGAAGAGGGCTTCACTTCTTCTTACCTCTTCTTCCT
TTACAGAATTGGACATGTGA",chr2,79
86193026,86193108,"TAAATGTCTTACTGCTTTTACTATTCCCTCCTAGAGTAAAGAATGGACTCTAGGAGGGAA
CAGTAAAAGCAGTAAGACATTTA",chr2,82
88082519,88082599,"GGGATCAGTGCTAGGGATCAGGCTCAAGGGTCAGGCCTGGCCTTTGGGCTGGTCCTTGAG
CCTGACCCCCTGGCACTGGCC",chr2,80
110086433,110086523,"ATGGCCTCACTTGTCCACTTCTTCCTGCCCTGCCCCTCGAATCTGCTCCACCATTTGGGC
AGGGCAGGCAGAAGTGGACAAGTGAGGACAC",chr2,90
113721290,113721368,"ACTGCCCAGTTCTAGATATGAAGACAATCAAGAACACCAAATCTTTTCTTGATTGTCTTC
ATATCCAGAACTGGGCAAT",chr2,78
127423537,127423618,"GGGGCAGCGGCAGACGCGCCCCAACACCGGGGCCACTGTTAGCGCAATCAGCCCGGGAGC
TGGGCGCGCCCTCCGCTTTCCC",chr2,81
131491160,131491236,"CAACATGCGGAGAGGATGAGCAGGGACGGAGGCTCCACCATGACACTCTCAGTCCCAGCA
TCTCCTCAGCCCAGTCA",chr2,76
160407810,160407882,"GCGCGCGGAGCTGGCGGCGTCGCCGACTCTCCCGGCGGCAGCGGAGGAGCAGCGCCGCCG
CGTCCCCACCTAC",chr2,72
188978093,188978161,"TTTATGTATAGGCCTTTAGATCATCTGATGTTGAATACTCTTTAAGTGATCTAAAGGCCT
ACATATAAA",chr2,68
239351724,239351804,"AGACAGACCCTGAGCCTCTCTGCCTCTGCTCTAAGGAGCAGGACCCAGAGCCAAGGCTAA
CAGAGCCTCAGGTGCCTGTCC",chr2,80
239943015,239943094,"GTGAAATGGCCCAGACCAGAGCTGGCTTCACCTCATCACAGGGAGAGTGGTGCATCCAGT
CCTGGTCTCAGGCCATGCCC",chr2,79
75090812,75090914,"CTGAAGAGTAGAGTGTGTGGTCCCAGTTCAGAAGTGTTCCTGAGTAACTTGTGCTTATAA
CTCAGGACACTTCTGAACTTGGACCATACAGGTCTCCCTGCTT",chr2,102
232550474,232550573,"AGGAGAGCGGGCGGGTCACAAGGACCTGGACAGAGGCAGAACTGAGGCCAGCAGCCAGCT
CCGCCGCTGAGTCCAGCCCTCTGCGCAGCCGCCCTGAGCT",chr2,99
62205826,62205917,"TTAGTTCCAGCCTCCTGGCTCACCTGGAACCATTTCTCCTGGGAAGCATGGTAGCCAGGA
GAGTGGATTCCAGGTGGTGAGGGCTTGGTACT",chr2,91
110284853,110284943,"GTGTCCTCACTTGTCCACTTCTGCCTGCCCTGCCCAAATGGTGGAGCAGATTCGAGGGGC
AGGGCAGGAAGAAGTGGACAAGTGAGGCCAT",chr2,90
134857820,134857873,TTGCCATACATAGACTTTATTGTGTTGATCAACAATAAAGTTCATGTATGGCAA,chr2,53
101309450,101309534,"GTGCTCATTTAAGTAGTCTGATGCCTACTACTGATGACATACAATGTAAGTGCTCATTTA
GGCGTCAGACTACCTAAATGAGCAC",chr2,84
226658710,226658793,"ACCCAAAAGTCATGGGATATGTTGCTGACTCAACCTACAGAAGGATTTCAGGTTGGATCA
GCAACATATCCCAGGAGTTGAGGC",chr2,83
227472132,227472187,TTGCCGTCCCCTTCCTCGTCTTTTCCCCTCAGGAGAAGTCGGGAAGGTGGCGGCGG,chr2,55
85783600,85783677,"CTTCTGTGGTGGCGGGGGTTCTGAGGACAGTAAGCTAGGGAGTAAGCCGGACCCAGAGCC
TTGGCCGGCAGCAGAAAC",chr2,77
177313806,177313882,"ATGCTCCTACCATTAGAAGGGCTGGAAGAAGGCATCTCCCTCAGCCTTCTTCCAGCTCTT
CTAATGGTAAGAGCATA",chr2,76
218280125,218280188,"GCCTAGGGACAGATGACACTTGACTCAGCTGGGGACCTGAGACATGTGGCGTCAATCCCA
AAGC",chr2,63
217900513,217900628,"CTGGGAAGGAGAGAAGAGAAGCAGCATTATGCAGGGGTGGGCAGGATGGCAGGAGGAGCA
CACCAGAGAGCTGTCCACGGGGGCAAACATGATCCTCTTCTTTCCTTGCCAACATT",chr2,115
218341911,218341980,"CTGGGATGGGGACAGGGATCAGCATGGCACAGATCCAATACCTTCTGTCCCCTGCTCCCT
TGTTCCCCAG",chr2,69
237510931,237510988,TATGCAGGCCTGTGTACAGCACTCAGGCAGTGCCATGAGCCTGTGCTTGTCCCTGCAG,chr2,57
159186835,159186901,"GTGGGAAGGAGATGCTCAGGCAGATCTGTCTCTGATTGTTTCCAAGATCTGTCTCGATTG
TTTCCAG",chr2,66
140586626,140586685,ACTCTTCATCCAGTAGCACAGAGGAGTCCCAATTTCATCTCTGGTGCCAATGAATGCTGA,chr2,59
5974662,5974732,"GGCTCAATCTCTGGTCCTGCAGCCTTCTGCCTTTGGCTTTCTGAAGCGAGCTGAACTAGA
GATTGGGCCCA",chr2,70
6650373,6650439,"CTTTTATCATTTCATTTATGCCTGTTAGCATGAAAAAAGAGGCTGAGAAGGGAAGATGGT
GACAAGG
",chr2,66
176188843,176188901,CGGGGTCGGCGGCGACGTGCTCAGCTTGGCACCCAAGTTCTGCCGCTCCGACGCCCGGC,chr2,58
64340747,64340848,"TGTTCTTTCCCCCATCCTCCTTACGTCCCACCCCCCACTCCTGTTTCTGGTGAAATATTC
AAACAGGAGTGGGGGTGGGACATAAGGAGGATAGGGAACACA",chr2,101
207166400,207166498,"GCAAGGGACAGGGAGGGTCGTGGCGACACTCGCGCCAGCTCCCGGGACGGCTGGGCTCGG
GCTGGTCGCCGACCTCCGACCCTCCACTAGATGCCTGGC",chr2,98
49059603,49059658,AAAGGTAACTGTGATTTTTGCTATTAGAAAGTAATGGCAAAAACTGCAATTACTTT,chr2,55
79866495,79866583,"CATTTCCCAATCCAGGACATAAGTGTCTTCCAAACCTCCCCCTTATCAAAGGGCTCAGCC
GTTGACACCAGTGTCCTTCTTAGAGCCAT",chr2,88
50696172,50696262,"ATACGTGTGTGTGTGTGTGTGTGTGTGTGTGTGTGTGTGTGTATGTATACACATATGCTA
TATACACACACACACACACGTATATCACAGA",chr2,90
218823090,218823154,"AAAAGGGAAGATGGTGACCACATAGGAGGGACAGCGGCCTTTCCAACAGGGGACCCTTGC
CAGCC",chr2,64
149330278,149330373,"TCTCTCCAGTTCCGCTCACCCTGCGGGCGGGAGCGCGGCGCCCGGGTGCCCCACCTGCGC
CGGGCGGTCGGCTCCCGCTGGCCGGAGTTTGCAGAC",chr2,95
132433711,132433820,"AAGAAGTATTTTGCAAAAAGTGTGAGGTTGTCATGCCTGCTATTACTACAGCTATGCCAG
CAGGCATGACAACCTCATACTTTTTGCAGAATAGTTTTTTATATTGTATT",chr2,109